0 114.46112057595306 0.75044133 0.66198369
0 25.14747598746025 0.49526859 0.79398353
0 91.61138552970681 0.68519951 0.76804021
0 76.23181994007827 0.11039881 0.5748889 
0 65.42820532621812 0.82274748 0.46840344
0 6.412727037084491 0.24262972 0.06929005
0 14.302602619129976 0.7208328  0.82034653
0 2.40755279717575 0.07383189 0.66866666
0 48.94204979082425 0.78278666 0.64623936
0 67.96201450084412 0.5647363  0.55757659
0 13.444845335321952 0.15121745 0.23037378
0 13.768738278071192 0.95939988 0.36508377
0 2.525156236071627 0.48516394 0.33895052
0 178.43235593174026 0.32993157 0.3256155 
0 5.135120768948202 0.93585888 0.34837942
0 34.71333647313327 0.54066875 0.80260348
0 66.58884858445688 0.02665721 0.14340766
0 53.00433065466657 0.18466349 0.93010859
0 27.103798708227703 0.61774201 0.81526518
0 26.761908086923523 0.79267046 0.95811916
0 114.40994453899775 0.28561752 0.35938539
0 4.122392433169589 0.54943725 0.67836012
0 26.69737869134772 0.80899172 0.36625608
0 43.64545824331583 0.18792831 0.04756162
0 195.34212079002674 0.67321421 0.28085857
0 25.46064899944556 0.6565765  0.19265334
0 57.12842220753578 0.37544176 0.2453196 
0 19.9426088095237 0.34556274 0.18462531
0 7.066038471571182 0.56311549 0.68028185
0 149.7706108207339 0.14567946 0.11808431
0 89.19255154248675 0.50744412 0.9696982 
0 64.51713458277025 0.17025564 0.15338751
0 4.987430758476328 0.92332587 0.24632336
0 42.17001368995188 0.76253862 0.21310923
0 128.12371658613338 0.46881771 0.54839206
0 9.886480505543544 0.96183478 0.25323537
0 8.665268537185822 0.69966935 0.96957851
0 45.67145547853101 0.41984939 0.43192743
0 33.71456198379724 0.76804498 0.2027778 
0 198.30956523011764 0.68657724 0.72864799
0 36.51350406754924 0.32404347 0.60366487
0 76.49943058125834 0.9748932 0.4915435
0 14.324242201766479 0.74535254 0.97432589
0 3.2397537670660626 0.34724265 0.49519879
0 9.947713989481937 0.09842953 0.77262369
0 5.124322854883611 0.9553459 0.7200787
0 6.8486421404802025 0.52128525 0.36202387
0 6.458356130420643 0.35624893 0.86634591
0 67.523713999798 0.57898396 0.09292366
0 15.951321897881662 0.47356086 0.78166032
0 16.86236261853758 0.03106531 0.63429472
0 112.78299816192343 0.12087921 0.15860923
0 2.481881949466905 0.2833458  0.93780243
0 152.53489865407695 0.07358994 0.54084195
0 16.093589441511508 0.18303993 0.28593259
0 17.837107930259382 0.32017627 0.58508153
0 13.829649360656857 0.64260709 0.03318182
0 205.10126096519141 0.87869421 0.91963014
0 19.36965763840773 0.66187866 0.58514015
0 138.9056812517474 0.88114631 0.94941344
0 62.05415309446239 0.98138507 0.51187472
0 185.29820917581452 0.91598114 0.13296442
0 2.6086274499271727 0.07565449 0.33531852
0 64.4453685916662 0.24273016 0.76788679
0 45.82352453011901 0.21239999 0.74411595
0 8.081810296968778 0.84598189 0.34810177
0 217.32736021703644 0.47677835 0.50199613
0 32.05654284255013 0.99932798 0.40426274
0 32.48574882021066 0.60073991 0.76523905
0 1.0536333839379135 0.50902206 0.30197936
0 32.15535944595605 0.19771467 0.80343972
0 63.22044379063741 0.06969029 0.9787061 
0 2.6269883272724153 0.5189729  0.73843706
0 112.96953602087743 0.87511188 0.44263337
0 33.665501441389644 0.40730162 0.0114082 
0 125.83351684467888 0.15642128 0.10541961
0 190.83206247354573 0.70526256 0.26608103
0 151.15519973663405 0.33440894 0.6645975 
0 1.0440074937150374 0.30665266 0.89489539
0 29.11195781148765 0.2024138 0.8904284
0 38.010921490193866 0.05136682 0.40618564
0 231.746549260794 0.70153297 0.28489024
0 30.440797617155336 0.39532296 0.58253832
0 1.7987769050467157 0.48269916 0.32740628
0 10.054136980486746 0.33540964 0.432365  
0 42.07745432617435 0.97819786 0.97823925
0 18.67638418675472 0.61418636 0.47501579
0 3.1717104816762474 0.33557076 0.53242058
0 19.096034536934127 0.63055498 0.57206104
0 18.37594492982867 0.81876788 0.25142928
0 153.33352153886642 0.45294615 0.89427135
0 28.481414830560897 0.84662572 0.39561165
0 70.26444804557632 0.13789261 0.57300319
0 86.89360387811278 0.56522608 0.13514676
0 28.835611757793217 0.00274501 0.3189014 
0 55.53438964272625 0.01948188 0.05632985
0 46.25617515932501 0.62061076 0.76807049
0 156.6432263795415 0.05808355 0.07886817
0 29.343012905135673 0.38587605 0.59001422
0 16.33709135564403 0.26779248 0.81857533
-4.610166019324902 207.77161808866822 0.51977595 0.48042548
-4.620166019324902 242.3357459403759 0.49650681 0.10105423
-4.630166019324902 235.49381326689652 0.30203398 0.71218657
-4.640166019324902 215.66036804202238 0.51091317 0.52158738
-4.650166019324902 238.35464246129553 0.69115436 0.30396596
-4.660166019324902 238.73141022590517 0.30815656 0.29555365
-4.670166019324891 221.18538899060087 0.51285633 0.11721155
-4.680166019324902 228.98957357381866 0.48301688 0.50063217
-4.690166019324902 232.53987520586594 0.51209295 0.90828122
-4.700166019324891 187.48800321663097 0.92227539 0.52826018
-4.710166019324902 228.65669423806014 0.08535822 0.90910935
-4.720166019324902 202.446873912454 0.68432378 0.27439199
-4.730166019324892 239.48149835112238 0.30120668 0.70833586
-4.740166019324891 240.1993572902109 0.5042461  0.90619721
-4.750166019324902 240.1888280544132 0.30396917 0.6936055 
-4.760166019324892 209.84706633871218 0.08298063 0.87916185
-4.770166019324892 242.5638361023064 0.8985487  0.50257529
-4.780166019324902 225.61654224216554 0.69075331 0.68334311
-4.790166019324891 216.74665602304216 0.49015644 0.47848506
-4.800166019324892 214.57347033955995 0.47965245 0.91406634
-4.810166019324902 211.35019262553763 0.47406102 0.90249374
-4.820166019324891 229.8740883913699 0.28987244 0.28700268
-4.830166019324891 234.0327143847813 0.90562305 0.11231441
-4.8401660193249025 188.5337972029421 0.10343827 0.86501616
-4.850166019324892 186.78227336843008 0.52545431 0.52585265
-4.8601660193248915 230.05705104551623 0.48733405 0.51035332
-4.870166019324891 222.37152199768408 0.48259616 0.48851665
-4.880166019324891 240.63658649251764 0.50479518 0.50495841
-4.890166019324902 208.57686817619543 0.68690478 0.72407791
-4.9001660193248915 239.56809225231063 0.5066138 0.5050523
-4.910166019324891 204.6866409135302 0.49854423 0.87114579
-4.920166019324891 242.37281380011603 0.90228628 0.10271014
-4.930166019324892 239.10874086787507 0.49846688 0.9087278 
-4.9401660193248915 241.906337504684 0.89745589 0.90393367
-4.950166019324902 239.1286855676176 0.49798744 0.89139309
-4.960166019324891 224.61919517342267 0.10734196 0.11816883
-4.970166019324892 205.52195413072442 0.87601132 0.08414671
-4.980166019324892 210.86047796864378 0.71031903 0.32426351
-4.990166019324891 229.12444852225607 0.51033421 0.5134444 
-5.000166019324891 235.1107508568767 0.28734167 0.6994643 
-5.0101660193249025 215.68711762917923 0.90978287 0.87790759
-5.020166019324892 229.96677733040474 0.5001121  0.11637356
-5.030166019324891 206.9101608725273 0.90949295 0.4735974 
-5.040166019324891 233.0417502381781 0.31077571 0.29060668
-5.050166019324892 233.36823363586512 0.49247629 0.8881363 
-5.060166019324892 223.05129482329104 0.28434577 0.28676726
-5.070166019324902 240.7867094589087 0.90118499 0.49343489
-5.080166019324891 187.44358274744673 0.93175055 0.11667795
-5.090166019324892 241.35171663857062 0.8954331  0.10350225
-5.100166019324892 165.16935518066668 0.65666702 0.70094407
-5.1101660193248915 218.10194828874373 0.29200865 0.32154866
-5.120166019324891 203.34774376896053 0.89690465 0.47071575
-5.130166019324891 228.0505102798409 0.28678938 0.68832747
-5.140166019324892 218.61074024526317 0.32266323 0.70090882
-5.1501660193248915 242.12609220807255 0.29738844 0.30327227
-5.160166019324891 229.53310632652324 0.28529239 0.3078792 
-5.170166019324903 239.44247166795836 0.09730415 0.90803106
-5.180166019324892 238.59838265869448 0.69123931 0.69650293
-5.1901660193248915 238.07755136906937 0.29032292 0.69756491
-5.200166019324891 230.65579371069765 0.88566543 0.89300674
-5.210166019324891 219.50135925295484 0.30293879 0.32205334
-5.220166019324892 237.68393159358845 0.09780832 0.08986025
-5.230166019324892 203.73070164553226 0.89833281 0.47076426
-5.240166019324891 230.99376370522072 0.70116317 0.31565596
-5.250166019324891 235.7404713309328 0.6990459  0.28789181
-5.260166019324892 233.003391554499 0.89368968 0.51284631
-5.270166019324892 233.3572750497261 0.31374977 0.70282721
-5.280166019324891 227.22918587860744 0.71796856 0.70189123
-5.290166019324902 225.71704481159756 0.08890736 0.08456618
-5.300166019324891 230.1438973642943 0.30540884 0.68464828
-5.310166019324892 227.42443864914318 0.90756362 0.51631637
-5.320166019324891 222.24924653945988 0.29086053 0.68121063
-5.330166019324891 232.93010366661807 0.88565304 0.50001416
-5.340166019324892 190.0322568846101 0.10746161 0.86615283
-5.350166019324892 232.0475373783079 0.51035231 0.48912924
-5.3601660193248915 212.9005662528782 0.71404667 0.27870972
-5.370166019324891 199.72680550540477 0.4715725  0.51250206
-5.380166019324891 237.93255789269222 0.89370556 0.1079422 
-5.390166019324892 174.73362956452343 0.11039685 0.06113961
-5.4001660193248915 238.0416256685769 0.30607562 0.30797144
-5.410166019324891 238.4876839102027 0.50953176 0.50055384
-5.420166019324903 241.6119024770615 0.49809745 0.89507571
-5.430166019324892 226.0854465039713 0.68204728 0.29458003
-5.4401660193248915 198.4804026510026 0.88373236 0.87287119
-5.450166019324891 216.8529008006212 0.3139679 0.3190914
-5.460166019324891 242.41450791340986 0.70074665 0.70334294
-5.470166019324892 241.74131101865345 0.49657097 0.50367583
-5.480166019324892 199.0403994691741 0.08820224 0.87099624
-5.490166019324891 230.86000458921274 0.89267574 0.91401704
-5.500166019324891 231.138671000088 0.3154325 0.7023081
-5.510166019324892 221.2079897257244 0.1021326  0.07872582
-5.520166019324892 224.83945507702572 0.28253696 0.70864285
-5.530166019324891 238.90577250269035 0.69193459 0.29579473
-5.540166019324902 229.36462855613826 0.71616373 0.70447474
-5.550166019324891 203.65049923865953 0.52703105 0.51170013
-5.560166019324892 234.99432224119812 0.09017104 0.50817615
-5.570166019324891 229.9906612960683 0.69660797 0.31601057
-5.580166019324891 241.24541384336956 0.89568319 0.89592146
-5.590166019324892 239.06538767642795 0.4942356  0.90680371
-5.600166019324892 221.0683300940219 0.28109931 0.68970727
-5.6101660193248915 217.747597858543 0.11971763 0.48776483
-5.620166019324891 190.83206247354573 0.70526256 0.26608103
-5.630166019324891 231.13773637306664 0.0862578  0.09255551
-5.640166019324892 238.87595332639452 0.49883211 0.10904946
-5.6501660193248915 207.93534341667913 0.69362509 0.32682785
-5.660166019324891 198.4804026510026 0.88373236 0.87287119
-5.670166019324892 238.06256901836218 0.89491453 0.10860998
-5.680166019324892 234.62117342805942 0.29812002 0.71292937
-5.6901660193248915 241.22516356165144 0.09720009 0.09472454
-5.700166019324891 205.5209674425484 0.9281712  0.89524288
-5.710166019324891 233.21516715805882 0.11182356 0.49220308
-5.720166019324892 233.66200150044565 0.11210456 0.50667806
-5.730166019324914 241.14225026644436 0.70562789 0.70238026
-5.740166019324891 225.7098303757566 0.11689537 0.09132216
-5.750166019324891 224.4178747800702 0.11961334 0.898487  
-5.760166019324892 239.59811499136893 0.50798202 0.89779103
-5.770166019324892 241.56285250548063 0.30521091 0.69869664
-5.780166019324891 236.48533161775666 0.49495214 0.51033966
-5.790166019324891 232.90369032400636 0.90135495 0.48569678
-5.800166019324891 238.52919899453894 0.10331405 0.89108926
-5.810166019324892 237.78463953177513 0.68975116 0.30069464
-5.820166019324891 215.99158876680085 0.92015179 0.91314419
-5.830166019324891 219.12355514457485 0.48145532 0.08720223
-5.840166019324892 218.87454580636637 0.11461549 0.11732785
-5.850166019324892 236.31352865910938 0.29498498 0.28947486
-5.8601660193248915 241.44326778556731 0.69659692 0.69556214
-5.870166019324891 241.4319622732422 0.90560142 0.09966996
-5.880166019324891 233.60095046601117 0.48618226 0.49903393
-5.890166019324892 220.84540904428647 0.92031012 0.09263098
-5.9001660193248915 216.41863550242434 0.08332741 0.08290615
-5.910166019324891 229.19818085915148 0.11016436 0.48648582
-5.920166019324892 216.8529008006212 0.3139679 0.3190914
-5.930166019324892 234.22435063786824 0.29618878 0.71282805
-5.9401660193248915 238.56752732473387 0.30166841 0.70931489
-5.950166019324891 236.00591245642124 0.68845976 0.7029926 
-5.960166019324891 230.24259818862586 0.30697901 0.2853565 
-5.970166019324892 218.61074024526317 0.32266323 0.70090882
-5.980166019324914 228.73178692056842 0.69482551 0.31637415
-5.990166019324891 225.57348864128366 0.28097702 0.29978446
-6.000166019324891 219.12355514457485 0.48145532 0.08720223
-6.010166019324892 220.91959253202333 0.48151775 0.51119223
-6.020166019324892 240.3235561395774 0.10534929 0.49496926
-6.030166019324891 225.11075717500708 0.88109319 0.49614271
-6.040166019324891 235.974958072291 0.9094735  0.90730203
-6.050166019324891 224.6035648676971 0.29861718 0.28048015
-6.060166019324892 221.18538899060087 0.51285633 0.11721155
-6.070166019324891 222.24960015506446 0.1081141 0.8807568
-6.080166019324891 221.2079897257244 0.1021326  0.07872582
-6.090166019324892 238.3732514703071 0.49255966 0.90618943
-6.100166019324892 232.07412126027322 0.10989432 0.4887364 
-6.1101660193248915 240.7605971731154 0.89382866 0.50263889
-6.120166019324891 242.2384308451843 0.10369396 0.89872622
-6.130166019324891 236.86341428859402 0.50576516 0.09043919
-6.140166019324892 224.4178747800702 0.11961334 0.898487  
-6.1501660193248915 241.68244836733334 0.90459934 0.90230144
-6.160166019324891 224.6035648676971 0.29861718 0.28048015
-6.170166019324892 224.6035648676971 0.29861718 0.28048015
-6.180166019324892 226.8751244450089 0.50178977 0.48181157
-6.1901660193248915 232.240379907407 0.68748226 0.69197522
-6.200166019324891 241.23790637698647 0.50269093 0.89469238
-6.210166019324891 242.97225541199003 0.69928819 0.30022057
-6.220166019324892 228.23858594121705 0.29210866 0.31561329
-6.230166019324914 240.79495985898686 0.90366611 0.89443879
-6.240166019324891 225.7098303757566 0.11689537 0.09132216
-6.250166019324891 229.50173183858107 0.8894468  0.08703358
-6.260166019324892 225.71704481159756 0.08890736 0.08456618
-6.270166019324892 225.71704481159756 0.08890736 0.08456618
-6.280166019324891 242.9615677436837 0.70038518 0.69921203
-6.290166019324891 241.8728933476366 0.10386515 0.09722862
-6.300166019324891 238.07342071491425 0.70687795 0.70724657
-6.310166019324892 227.72905064405955 0.11712871 0.10477745
-6.320166019324891 227.42443864914318 0.90756362 0.51631637
-6.330166019324891 227.42443864914318 0.90756362 0.51631637
-6.340166019324892 238.88283177757546 0.49134725 0.50287894
-6.350166019324892 237.83103993752928 0.09243931 0.10690133
-6.3601660193248915 238.2774297536793 0.49304246 0.89312764
-6.370166019324891 228.23858594121705 0.29210866 0.31561329
-6.380166019324891 240.73400435597415 0.1067483  0.90015859
-6.390166019324892 232.49499715105446 0.10833424 0.91209579
-6.4001660193248915 235.52773474022246 0.2923469  0.69031593
-6.410166019324891 228.98957357381866 0.48301688 0.50063217
-6.420166019324892 228.98957357381866 0.48301688 0.50063217
-6.430166019324892 228.98957357381866 0.48301688 0.50063217
-6.4401660193248915 228.98957357381866 0.48301688 0.50063217
-6.450166019324891 236.56602708430793 0.31101273 0.29694736
-6.460166019324891 240.42002784581993 0.10169966 0.49299753
-6.470166019324892 236.39778729196792 0.89059199 0.10676676
-6.480166019324914 233.01771214987434 0.5137602  0.49614045
-6.490166019324891 240.77460215113445 0.10192152 0.90640817
-6.500166019324891 229.53310632652324 0.28529239 0.3078792 
-6.510166019324892 229.53310632652324 0.28529239 0.3078792 
-6.520166019324892 229.53310632652324 0.28529239 0.3078792 
-6.530166019324891 233.10528836745732 0.88744031 0.09329035
-6.540166019324891 229.8740883913699 0.28987244 0.28700268
-6.550166019324891 241.42009411967575 0.4953413  0.09683172
-6.560166019324892 229.96677733040474 0.5001121  0.11637356
-6.570166019324891 242.42500118654135 0.4976043  0.49759479
-6.580166019324891 241.8067170173604 0.50252399 0.90419285
-6.590166019324892 228.81651289959595 0.11305361 0.08887162
-6.600166019324892 232.8712544857067 0.08758467 0.10732161
-6.610166019324914 230.1438973642943 0.30540884 0.68464828
-6.620166019324868 239.27578662279106 0.89138468 0.90094629
-6.630166019324914 240.31853959377128 0.69948675 0.69267177
-6.640166019324868 230.65579371069765 0.88566543 0.89300674
-6.650166019324914 230.65579371069765 0.88566543 0.89300674
-6.660166019324868 231.41942601937737 0.08607391 0.89334768
-6.670166019324913 232.68741696300978 0.28771292 0.70779032
-6.680166019324869 234.13704199644894 0.31277387 0.29578484
-6.690166019324914 238.2211127511993 0.89668513 0.50925674
-6.700166019324868 231.138671000088 0.3154325 0.7023081
-6.710166019324914 239.12515386712008 0.09344427 0.90594338
-6.720166019324868 236.3309104914067 0.28964673 0.70532938
-6.730166019324914 235.4798663259548 0.7006282  0.28765102
-6.740166019324868 236.1332369876406 0.5027762  0.08852012
-6.750166019324913 232.07412126027322 0.10989432 0.4887364 
-6.760166019324869 240.8847320760802 0.89430979 0.10318889
-6.770166019324914 242.18783454388404 0.89665876 0.50226335
-6.780166019324868 232.49499715105446 0.10833424 0.91209579
-6.790166019324914 238.36118511024614 0.49768811 0.5094039 
-6.800166019324868 232.53987520586594 0.51209295 0.90828122
-6.810166019324914 232.53987520586594 0.51209295 0.90828122
-6.820166019324868 232.53987520586594 0.51209295 0.90828122
-6.830166019324913 232.53987520586594 0.51209295 0.90828122
-6.840166019324869 232.53987520586594 0.51209295 0.90828122
-6.850166019324914 234.77373909716846 0.70916314 0.30917126
-6.860166019324914 232.68741696300978 0.28771292 0.70779032
-6.870166019324868 232.68741696300978 0.28771292 0.70779032
-6.880166019324914 236.2502873035167 0.51049697 0.10520196
-6.890166019324868 232.8712544857067 0.08758467 0.10732161
-6.900166019324914 234.22460033132563 0.09958197 0.91336823
-6.910166019324868 230.77487810034992 0.48964075 0.11204228
-6.920166019324913 230.77487810034992 0.48964075 0.11204228
-6.930166019324869 240.720238032151 0.50674272 0.49938365
-6.940166019324914 232.93010366661807 0.88565304 0.50001416
-6.950166019324868 241.626969564061 0.50357288 0.9038481 
-6.960166019324914 233.003391554499 0.89368968 0.51284631
-6.970166019324868 233.003391554499 0.89368968 0.51284631
-6.980166019324914 233.003391554499 0.89368968 0.51284631
-6.990166019324868 240.33937713957286 0.70659379 0.69682169
-7.000166019324913 233.01771214987434 0.5137602  0.49614045
-7.010166019324869 233.01771214987434 0.5137602  0.49614045
-7.020166019324914 233.01771214987434 0.5137602  0.49614045
-7.030166019324868 233.01771214987434 0.5137602  0.49614045
-7.040166019324914 233.01771214987434 0.5137602  0.49614045
-7.050166019324868 242.62346681298897 0.90079191 0.89737036
-7.060166019324914 233.0417502381781 0.31077571 0.29060668
-7.070166019324868 233.0417502381781 0.31077571 0.29060668
-7.080166019324913 233.0417502381781 0.31077571 0.29060668
-7.090166019324869 242.54642969771257 0.09720938 0.50113998
-7.100166019324914 233.10528836745732 0.88744031 0.09329035
-7.110166019324914 233.10528836745732 0.88744031 0.09329035
-7.120166019324868 233.10528836745732 0.88744031 0.09329035
-7.130166019324914 233.10528836745732 0.88744031 0.09329035
-7.140166019324868 233.10528836745732 0.88744031 0.09329035
-7.150166019324914 233.10528836745732 0.88744031 0.09329035
-7.160166019324868 240.54601954133793 0.10478522 0.50514931
-7.170166019324913 233.21516715805882 0.11182356 0.49220308
-7.180166019324869 236.31167842888297 0.11159369 0.09884304
-7.190166019324914 240.44622167581724 0.49283575 0.9002359 
-7.200166019324868 236.46402371302324 0.3063823  0.69039902
-7.210166019324914 233.60095046601117 0.48618226 0.49903393
-7.220166019324868 239.28011281199494 0.30688984 0.69474033
-7.230166019324914 233.66200150044565 0.11210456 0.50667806
-7.240166019324868 233.66200150044565 0.11210456 0.50667806
-7.250166019324913 233.66200150044565 0.11210456 0.50667806
-7.260166019324869 233.66200150044565 0.11210456 0.50667806
-7.270166019324914 241.41924225196502 0.0970159  0.09521956
-7.280166019324868 238.8809094703419 0.90907903 0.10085013
-7.290166019324914 235.58305133849333 0.90350758 0.48822742
-7.300166019324868 234.22435063786824 0.29618878 0.71282805
-7.310166019324914 236.80760871235933 0.10366641 0.91059355
-7.320166019324868 236.40570922998097 0.49175398 0.49186509
-7.330166019324913 234.72837837028558 0.50078109 0.88704505
-7.340166019324869 236.96965205438372 0.08915382 0.89785059
-7.350166019324914 234.77373909716846 0.70916314 0.30917126
-7.360166019324914 234.77373909716846 0.70916314 0.30917126
-7.370166019324868 237.72607771547942 0.08967528 0.09965906
-7.380166019324914 237.98151592396613 0.90257414 0.09025743
-7.390166019324868 233.33680262469514 0.91391351 0.09804388
-7.400166019324914 235.8154074596093 0.89401187 0.0894914 
-7.410166019324868 235.4798663259548 0.7006282  0.28765102
-7.420166019324913 234.62388787830886 0.09837878 0.08703829
-7.430166019324869 239.39063072871835 0.30726973 0.29552583
-7.440166019324914 235.49381326689652 0.30203398 0.71218657
-7.450166019324868 235.49381326689652 0.30203398 0.71218657
-7.460166019324914 235.49381326689652 0.30203398 0.71218657
-7.470166019324868 232.85363139655107 0.48808544 0.09186047
-7.480166019324914 232.85363139655107 0.48808544 0.09186047
-7.490166019324868 238.7255304732147 0.69321245 0.29364442
-7.500166019324913 235.52773474022246 0.2923469  0.69031593
-7.510166019324869 235.52773474022246 0.2923469  0.69031593
-7.520166019324914 235.52773474022246 0.2923469  0.69031593
-7.530166019324868 235.52773474022246 0.2923469  0.69031593
-7.540166019324914 235.52773474022246 0.2923469  0.69031593
-7.550166019324868 235.52773474022246 0.2923469  0.69031593
-7.560166019324914 235.52773474022246 0.2923469  0.69031593
-7.570166019324868 236.8304810921626 0.49084187 0.89355894
-7.580166019324913 235.58305133849333 0.90350758 0.48822742
-7.590166019324869 235.58305133849333 0.90350758 0.48822742
-7.600166019324914 235.58305133849333 0.90350758 0.48822742
-7.610166019324914 235.58305133849333 0.90350758 0.48822742
-7.620166019324868 235.58305133849333 0.90350758 0.48822742
-7.630166019324914 235.58305133849333 0.90350758 0.48822742
-7.640166019324868 235.58305133849333 0.90350758 0.48822742
-7.650166019324914 235.58305133849333 0.90350758 0.48822742
-7.660166019324868 235.58305133849333 0.90350758 0.48822742
-7.670166019324913 235.58305133849333 0.90350758 0.48822742
-7.680166019324869 240.76740053478935 0.69587175 0.29471923
-7.690166019324914 239.73554809967547 0.70784195 0.70207445
-7.700166019324868 240.71774063923945 0.50373251 0.8943433 
-7.710166019324914 235.974958072291 0.9094735  0.90730203
-7.720166019324868 235.73516718622577 0.11062255 0.90592494
-7.730166019324914 235.73516718622577 0.11062255 0.90592494
-7.740166019324868 239.85761810269312 0.69298498 0.7037615 
-7.750166019324913 236.00591245642124 0.68845976 0.7029926 
-7.760166019324869 238.39628079783097 0.50802698 0.49463871
-7.770166019324914 236.1332369876406 0.5027762  0.08852012
-7.780166019324868 236.1332369876406 0.5027762  0.08852012
-7.790166019324914 236.1332369876406 0.5027762  0.08852012
-7.800166019324868 236.1332369876406 0.5027762  0.08852012
-7.810166019324914 236.1332369876406 0.5027762  0.08852012
-7.820166019324868 236.1332369876406 0.5027762  0.08852012
-7.830166019324913 236.1332369876406 0.5027762  0.08852012
-7.840166019324869 236.1332369876406 0.5027762  0.08852012
-7.850166019324914 236.1332369876406 0.5027762  0.08852012
-7.860166019324914 237.45360854792165 0.70742106 0.30758164
-7.870166019324868 242.11703999847012 0.50143435 0.49604411
-7.880166019324914 236.31167842888297 0.11159369 0.09884304
-7.890166019324868 236.31167842888297 0.11159369 0.09884304
-7.900166019324914 236.31167842888297 0.11159369 0.09884304
-7.910166019324868 238.33664903009594 0.89219529 0.50578743
-7.920166019324913 236.31352865910938 0.29498498 0.28947486
-7.930166019324869 236.31352865910938 0.29498498 0.28947486
-7.940166019324914 236.31352865910938 0.29498498 0.28947486
-7.950166019324868 236.31352865910938 0.29498498 0.28947486
-7.960166019324914 236.31352865910938 0.29498498 0.28947486
-7.970166019324868 236.31352865910938 0.29498498 0.28947486
-7.980166019324914 241.45258219029816 0.49502827 0.09747731
-7.990166019324868 236.3309104914067 0.28964673 0.70532938
-8.000166019324913 236.3309104914067 0.28964673 0.70532938
-8.010166019324869 236.3309104914067 0.28964673 0.70532938
-8.020166019324915 233.17544017390037 0.09527677 0.11336921
-8.030166019324868 237.56819869542218 0.70225975 0.71024127
-8.040166019324914 236.39778729196792 0.89059199 0.10676676
-8.050166019324868 233.25688761395162 0.3119377 0.7075618
-8.060166019324914 237.11331932330012 0.10638676 0.89112638
-8.07016601932487 236.7395514035585 0.50261151 0.88903701
-8.080166019324913 237.4273201615561 0.10323758 0.51012114
-8.090166019324869 236.48533161775666 0.49495214 0.51033966
-8.100166019324913 236.48533161775666 0.49495214 0.51033966
-8.110166019324915 236.20867457441358 0.30531537 0.28951856
-8.120166019324868 241.10819477525703 0.49601341 0.90470605
-8.130166019324914 242.36645469926808 0.70322128 0.69847629
-8.140166019324868 236.7395514035585 0.50261151 0.88903701
-8.150166019324914 237.15993782792216 0.90903946 0.4939298 
-8.160166019324869 239.37627437990577 0.50044297 0.10853678
-8.170166019324913 236.8304810921626 0.49084187 0.89355894
-8.180166019324869 236.8304810921626 0.49084187 0.89355894
-8.190166019324913 236.8304810921626 0.49084187 0.89355894
-8.200166019324868 236.8304810921626 0.49084187 0.89355894
-8.210166019324914 236.8304810921626 0.49084187 0.89355894
-8.220166019324868 240.71675480131546 0.89408776 0.10331513
-8.230166019324914 236.5986683968982 0.29089728 0.69312264
-8.240166019324867 236.5986683968982 0.29089728 0.69312264
-8.250166019324913 236.5986683968982 0.29089728 0.69312264
-8.260166019324869 236.6982658462344 0.09003204 0.90535371
-8.270166019324915 239.7420765330859 0.49876567 0.89199189
-8.280166019324868 236.96965205438372 0.08915382 0.89785059
-8.290166019324914 236.96965205438372 0.08915382 0.89785059
-8.300166019324868 241.28071024770375 0.4988969  0.89422776
-8.310166019324914 237.11331932330012 0.10638676 0.89112638
-8.32016601932487 237.11331932330012 0.10638676 0.89112638
-8.330166019324913 237.11331932330012 0.10638676 0.89112638
-8.340166019324869 237.11331932330012 0.10638676 0.89112638
-8.350166019324913 236.31541489963286 0.51009907 0.50582708
-8.360166019324915 236.31541489963286 0.51009907 0.50582708
-8.370166019324868 236.31541489963286 0.51009907 0.50582708
-8.380166019324914 240.23814667224184 0.09258476 0.49921934
-8.390166019324868 239.1153895735291 0.90624117 0.10628885
-8.400166019324914 237.4273201615561 0.10323758 0.51012114
-8.410166019324869 237.4273201615561 0.10323758 0.51012114
-8.420166019324913 237.4273201615561 0.10323758 0.51012114
-8.430166019324869 237.51346662187365 0.29804149 0.31035687
-8.440166019324913 239.07186254130076 0.29119775 0.29866127
-8.450166019324868 241.35484640027656 0.69871019 0.30560168
-8.460166019324914 239.53765148263494 0.69767616 0.29197364
-8.470166019324868 237.68393159358845 0.09780832 0.08986025
-8.480166019324914 237.68393159358845 0.09780832 0.08986025
-8.490166019324867 237.64375379697898 0.49076305 0.90482095
-8.500166019324913 237.64375379697898 0.49076305 0.90482095
-8.510166019324869 237.64375379697898 0.49076305 0.90482095
-8.520166019324915 241.3918186893618 0.09474422 0.50216348
-8.530166019324868 237.72607771547942 0.08967528 0.09965906
-8.540166019324914 237.72607771547942 0.08967528 0.09965906
-8.550166019324868 237.14769474632766 0.89618579 0.48979516
-8.560166019324914 237.14769474632766 0.89618579 0.48979516
-8.57016601932487 238.20201765533648 0.5088266  0.50438203
-8.580166019324913 237.78463953177513 0.68975116 0.30069464
-8.590166019324869 237.78463953177513 0.68975116 0.30069464
-8.600166019324913 237.78463953177513 0.68975116 0.30069464
-8.610166019324915 237.78463953177513 0.68975116 0.30069464
-8.620166019324913 242.33305443702147 0.696635   0.30143015
-8.630166019324836 237.83103993752928 0.09243931 0.10690133
-8.640166019324914 237.83103993752928 0.09243931 0.10690133
-8.650166019324914 237.83103993752928 0.09243931 0.10690133
-8.660166019324913 238.58251725749054 0.30750665 0.29425292
-8.670166019324835 239.61455273314627 0.49183367 0.90124603
-8.680166019324915 237.98151592396613 0.90257414 0.09025743
-8.690166019324913 237.98151592396613 0.90257414 0.09025743
-8.700166019324914 237.98151592396613 0.90257414 0.09025743
-8.710166019324834 239.20744699304547 0.29442727 0.69324987
-8.720166019324914 239.20028956992186 0.1056929  0.89333983
-8.730166019324914 238.06256901836218 0.89491453 0.10860998
-8.740166019324914 238.06256901836218 0.89491453 0.10860998
-8.750166019324835 238.12696111284913 0.49278428 0.50683038
-8.760166019324913 238.07342071491425 0.70687795 0.70724657
-8.770166019324915 238.07342071491425 0.70687795 0.70724657
-8.780166019324913 238.07342071491425 0.70687795 0.70724657
-8.790166019324836 238.07342071491425 0.70687795 0.70724657
-8.800166019324914 242.9674178465424 0.10034735 0.10072904
-8.810166019324914 238.07755136906937 0.29032292 0.69756491
-8.820166019324914 238.07755136906937 0.29032292 0.69756491
-8.830166019324835 238.07755136906937 0.29032292 0.69756491
-8.840166019324915 240.47922550702827 0.70666376 0.69748367
-8.850166019324913 237.09675620465745 0.10943304 0.50555435
-8.860166019324915 242.20312545535873 0.50045472 0.49602905
-8.870166019324913 241.3371797296823 0.10574487 0.90062586
-8.880166019324836 238.2211127511993 0.89668513 0.50925674
-8.890166019324914 236.49299976736654 0.89896459 0.88855681
-8.900166019324914 240.3925971396807 0.90724058 0.49979784
-8.910166019324913 242.0997173614544 0.89892326 0.50411023
-8.920166019324835 238.33664903009594 0.89219529 0.50578743
-8.930166019324915 238.33664903009594 0.89219529 0.50578743
-8.940166019324913 238.33664903009594 0.89219529 0.50578743
-8.950166019324914 241.4567397856835 0.70432854 0.70350257
-8.960166019324834 240.57924181798103 0.69307734 0.70087862
-8.970166019324914 238.36118511024614 0.49768811 0.5094039 
-8.980166019324914 238.36118511024614 0.49768811 0.5094039 
-8.990166019324914 238.36118511024614 0.49768811 0.5094039 
-9.000166019324835 238.36118511024614 0.49768811 0.5094039 
-9.010166019324913 242.593461062614 0.69719793 0.6994597 
-9.020166019324915 238.3732514703071 0.49255966 0.90618943
-9.030166019324913 241.00858960896622 0.70627743 0.70078504
-9.040166019324836 238.39628079783097 0.50802698 0.49463871
-9.050166019324914 240.16793274348345 0.90707292 0.90264892
-9.060166019324914 238.4876839102027 0.50953176 0.50055384
-9.070166019324914 236.73368524429577 0.90940395 0.49376226
-9.080166019324835 236.73368524429577 0.90940395 0.49376226
-9.090166019324915 236.73368524429577 0.90940395 0.49376226
-9.100166019324913 240.60482237454985 0.1021843  0.90658946
-9.110166019324915 238.52919899453894 0.10331405 0.89108926
-9.120166019324913 238.52919899453894 0.10331405 0.89108926
-9.130166019324836 238.52919899453894 0.10331405 0.89108926
-9.140166019324914 242.4573537378439 0.90329578 0.49989734
-9.150166019324914 238.56752732473387 0.30166841 0.70931489
-9.160166019324913 241.82104479426485 0.09555085 0.10196583
-9.170166019324835 238.58251725749054 0.30750665 0.29425292
-9.180166019324915 238.58251725749054 0.30750665 0.29425292
-9.190166019324913 240.00888914626242 0.89798319 0.5074958 
-9.200166019324914 238.59838265869448 0.69123931 0.69650293
-9.210166019324834 238.59838265869448 0.69123931 0.69650293
-9.220166019324914 238.59838265869448 0.69123931 0.69650293
-9.230166019324914 238.59838265869448 0.69123931 0.69650293
-9.240166019324914 239.21126050386866 0.69385025 0.70622308
-9.250166019324835 238.7255304732147 0.69321245 0.29364442
-9.260166019324913 238.7255304732147 0.69321245 0.29364442
-9.270166019324915 238.7255304732147 0.69321245 0.29364442
-9.280166019324913 238.7255304732147 0.69321245 0.29364442
-9.290166019324836 238.7255304732147 0.69321245 0.29364442
-9.300166019324914 238.7255304732147 0.69321245 0.29364442
-9.310166019324914 238.7255304732147 0.69321245 0.29364442
-9.320166019324914 238.7255304732147 0.69321245 0.29364442
-9.330166019324835 238.7255304732147 0.69321245 0.29364442
-9.340166019324915 238.7255304732147 0.69321245 0.29364442
-9.350166019324913 242.2116342165914 0.09670906 0.90223119
-9.360166019324915 238.73141022590517 0.30815656 0.29555365
-9.370166019324913 238.73141022590517 0.30815656 0.29555365
-9.380166019324836 238.73141022590517 0.30815656 0.29555365
-9.390166019324914 238.73141022590517 0.30815656 0.29555365
-9.400166019324914 238.73141022590517 0.30815656 0.29555365
-9.410166019324913 238.73141022590517 0.30815656 0.29555365
-9.420166019324835 238.73141022590517 0.30815656 0.29555365
-9.430166019324915 238.73141022590517 0.30815656 0.29555365
-9.440166019324913 238.73141022590517 0.30815656 0.29555365
-9.450166019324914 238.73141022590517 0.30815656 0.29555365
-9.460166019324834 238.73141022590517 0.30815656 0.29555365
-9.470166019324914 238.73141022590517 0.30815656 0.29555365
-9.480166019324914 238.73141022590517 0.30815656 0.29555365
-9.490166019324914 241.47460223736354 0.49921058 0.49452241
-9.500166019324835 238.87595332639452 0.49883211 0.10904946
-9.510166019324913 241.6678852100464 0.6949405  0.30106689
-9.520166019324915 238.8809094703419 0.90907903 0.10085013
-9.530166019324913 238.8809094703419 0.90907903 0.10085013
-9.540166019324836 238.8809094703419 0.90907903 0.10085013
-9.550166019324914 238.8809094703419 0.90907903 0.10085013
-9.560166019324914 238.8809094703419 0.90907903 0.10085013
-9.570166019324914 238.8809094703419 0.90907903 0.10085013
-9.580166019324835 238.8809094703419 0.90907903 0.10085013
-9.590166019324915 241.85922130974677 0.09522041 0.8997976 
-9.600166019324913 238.88283177757546 0.49134725 0.50287894
-9.610166019324915 238.88283177757546 0.49134725 0.50287894
-9.620166019324913 241.87850757839098 0.10053055 0.89528655
-9.630166019324836 238.90577250269035 0.69193459 0.29579473
-9.640166019324914 238.90577250269035 0.69193459 0.29579473
-9.650166019324914 240.65554028169913 0.49372523 0.09720669
-9.660166019324913 239.06538767642795 0.4942356  0.90680371
-9.670166019324835 237.7033924067634 0.10861526 0.8942416 
-9.680166019324915 237.7033924067634 0.10861526 0.8942416 
-9.690166019324913 237.4497226433025 0.10744421 0.0924358 
-9.700166019324914 237.4497226433025 0.10744421 0.0924358 
-9.710166019324834 237.4497226433025 0.10744421 0.0924358 
-9.720166019324914 237.4497226433025 0.10744421 0.0924358 
-9.730166019324914 237.64385844334086 0.29689517 0.69005838
-9.740166019324914 240.29094787158624 0.29783412 0.70706058
-9.750166019324835 239.07186254130076 0.29119775 0.29866127
-9.760166019324913 238.70193593233347 0.50064792 0.09070619
-9.770166019324915 238.70193593233347 0.50064792 0.09070619
-9.780166019324913 238.70193593233347 0.50064792 0.09070619
-9.790166019324836 238.70193593233347 0.50064792 0.09070619
-9.800166019324914 238.70193593233347 0.50064792 0.09070619
-9.810166019324914 238.70193593233347 0.50064792 0.09070619
-9.820166019324914 238.70193593233347 0.50064792 0.09070619
-9.830166019324835 238.70193593233347 0.50064792 0.09070619
-9.840166019324915 238.12038662341686 0.89061047 0.09674911
-9.850166019324913 238.12038662341686 0.89061047 0.09674911
-9.860166019324915 238.12038662341686 0.89061047 0.09674911
-9.870166019324913 238.12038662341686 0.89061047 0.09674911
-9.880166019324836 238.12038662341686 0.89061047 0.09674911
-9.890166019324914 240.1214094529686 0.10328574 0.49312962
-9.900166019324914 239.10874086787507 0.49846688 0.9087278 
-9.910166019324913 239.10874086787507 0.49846688 0.9087278 
-9.920166019324835 239.10874086787507 0.49846688 0.9087278 
-9.930166019324915 239.10874086787507 0.49846688 0.9087278 
-9.940166019324913 239.10874086787507 0.49846688 0.9087278 
-9.950166019324914 239.17754297983137 0.49936711 0.0912414 
-9.960166019324834 239.1153895735291 0.90624117 0.10628885
-9.970166019324914 237.1354355702179 0.10634166 0.09111979
-9.980166019324914 242.15144549217817 0.70340122 0.69766555
-9.990166019324914 239.12515386712008 0.09344427 0.90594338
-10.000166019324835 239.12515386712008 0.09344427 0.90594338
-10.010166019324913 239.12515386712008 0.09344427 0.90594338
-10.020166019324915 239.12515386712008 0.09344427 0.90594338
-10.030166019324913 241.82984586049952 0.4993868  0.10480633
-10.040166019324836 239.1286855676176 0.49798744 0.89139309
-10.050166019324914 239.1286855676176 0.49798744 0.89139309
-10.060166019324914 239.1286855676176 0.49798744 0.89139309
-10.070166019324914 239.1286855676176 0.49798744 0.89139309
-10.080166019324835 239.1286855676176 0.49798744 0.89139309
-10.090166019324915 239.1286855676176 0.49798744 0.89139309
-10.100166019324913 239.1286855676176 0.49798744 0.89139309
-10.110166019324915 239.98739782823222 0.50553264 0.49451027
-10.120166019324913 239.17754297983137 0.49936711 0.0912414 
-10.130166019324836 238.42359777266282 0.90845695 0.09540979
-10.140166019324914 238.42359777266282 0.90845695 0.09540979
-10.150166019324914 241.99942341600365 0.69709115 0.69659213
-10.160166019324913 239.20028956992186 0.1056929  0.89333983
-10.170166019324835 239.20028956992186 0.1056929  0.89333983
-10.180166019324915 242.81325344091363 0.90084917 0.49826274
-10.190166019324913 239.20744699304547 0.29442727 0.69324987
-10.200166019324914 239.20744699304547 0.29442727 0.69324987
-10.210166019324834 239.20744699304547 0.29442727 0.69324987
-10.220166019324914 239.20744699304547 0.29442727 0.69324987
-10.230166019324914 239.20744699304547 0.29442727 0.69324987
-10.240166019324914 240.71899093905375 0.50358388 0.50574966
-10.250166019324835 239.21126050386866 0.69385025 0.70622308
-10.260166019324913 239.21126050386866 0.69385025 0.70622308
-10.270166019324915 239.21126050386866 0.69385025 0.70622308
-10.280166019324913 240.279949229402 0.09581889 0.10610887
-10.290166019324836 239.27578662279106 0.89138468 0.90094629
-10.300166019324914 239.27578662279106 0.89138468 0.90094629
-10.310166019324914 239.27578662279106 0.89138468 0.90094629
-10.320166019324914 239.27578662279106 0.89138468 0.90094629
-10.330166019324835 241.96169889373633 0.70456306 0.69993946
-10.340166019324915 239.28011281199494 0.30688984 0.69474033
-10.350166019324913 239.28011281199494 0.30688984 0.69474033
-10.360166019324915 239.28011281199494 0.30688984 0.69474033
-10.370166019324913 239.28011281199494 0.30688984 0.69474033
-10.380166019324836 239.28011281199494 0.30688984 0.69474033
-10.390166019324914 239.28011281199494 0.30688984 0.69474033
-10.400166019324914 239.28011281199494 0.30688984 0.69474033
-10.410166019324913 242.60101971635913 0.4993338 0.0972526
-10.420166019324835 239.37627437990577 0.50044297 0.10853678
-10.430166019324915 241.56388522439377 0.50084886 0.49469822
-10.440166019324913 239.39063072871835 0.30726973 0.29552583
-10.450166019324914 239.39063072871835 0.30726973 0.29552583
-10.460166019324834 239.39063072871835 0.30726973 0.29552583
-10.470166019324914 239.39063072871835 0.30726973 0.29552583
-10.480166019324914 239.39063072871835 0.30726973 0.29552583
-10.490166019324914 239.39063072871835 0.30726973 0.29552583
-10.500166019324835 240.0003780902113 0.09698307 0.10716553
-10.510166019324913 239.44247166795836 0.09730415 0.90803106
-10.520166019324915 239.44247166795836 0.09730415 0.90803106
-10.530166019324913 239.44247166795836 0.09730415 0.90803106
-10.540166019324836 239.44247166795836 0.09730415 0.90803106
-10.550166019324914 239.44247166795836 0.09730415 0.90803106
-10.560166019324914 242.23068179539726 0.70383392 0.70085062
-10.570166019324914 239.25833133699993 0.29138673 0.70113491
-10.580166019324835 239.25833133699993 0.29138673 0.70113491
-10.590166019324915 239.25833133699993 0.29138673 0.70113491
-10.600166019324913 241.51310374484626 0.1038749  0.50385406
-10.610166019324915 239.53765148263494 0.69767616 0.29197364
-10.620166019324913 239.53765148263494 0.69767616 0.29197364
-10.630166019324836 239.53765148263494 0.69767616 0.29197364
-10.640166019324914 239.53765148263494 0.69767616 0.29197364
-10.650166019324914 239.53765148263494 0.69767616 0.29197364
-10.660166019324913 239.53765148263494 0.69767616 0.29197364
-10.670166019324835 242.41591422725983 0.90219547 0.89737575
-10.680166019324915 239.42018680059925 0.90595019 0.89392691
-10.690166019324913 239.42018680059925 0.90595019 0.89392691
-10.700166019324914 239.42018680059925 0.90595019 0.89392691
-10.710166019324834 241.14343756261084 0.09438259 0.49760008
-10.720166019324914 239.59811499136893 0.50798202 0.89779103
-10.730166019324914 239.59811499136893 0.50798202 0.89779103
-10.740166019324914 239.59811499136893 0.50798202 0.89779103
-10.750166019324835 239.59811499136893 0.50798202 0.89779103
-10.760166019324913 239.59811499136893 0.50798202 0.89779103
-10.770166019324915 239.59811499136893 0.50798202 0.89779103
-10.780166019324913 239.59811499136893 0.50798202 0.89779103
-10.790166019324836 239.59811499136893 0.50798202 0.89779103
-10.800166019324914 239.59811499136893 0.50798202 0.89779103
-10.810166019324914 239.59811499136893 0.50798202 0.89779103
-10.820166019324914 241.7372680613402 0.90430424 0.49738806
-10.830166019324835 239.61455273314627 0.49183367 0.90124603
-10.840166019324915 239.61455273314627 0.49183367 0.90124603
-10.850166019324913 239.61455273314627 0.49183367 0.90124603
-10.860166019324915 239.61455273314627 0.49183367 0.90124603
-10.870166019324913 239.61455273314627 0.49183367 0.90124603
-10.880166019324836 241.26708010554742 0.70508564 0.30299373
-10.890166019324914 242.84863086078866 0.70031959 0.29828876
-10.900166019324914 239.7420765330859 0.49876567 0.89199189
-10.910166019324913 239.7420765330859 0.49876567 0.89199189
-10.920166019324835 239.7420765330859 0.49876567 0.89199189
-10.930166019324915 239.7420765330859 0.49876567 0.89199189
-10.940166019324913 239.7420765330859 0.49876567 0.89199189
-10.950166019324914 239.7420765330859 0.49876567 0.89199189
-10.960166019324834 239.7420765330859 0.49876567 0.89199189
-10.970166019324914 241.85078114573676 0.70394434 0.69726013
-10.980166019324914 239.85761810269312 0.69298498 0.7037615 
-10.990166019324914 239.85761810269312 0.69298498 0.7037615 
-11.000166019324835 239.05186003263296 0.69806163 0.29128601
-11.010166019324913 239.05186003263296 0.69806163 0.29128601
-11.020166019324915 239.05186003263296 0.69806163 0.29128601
-11.030166019324913 239.05186003263296 0.69806163 0.29128601
-11.040166019324836 239.05186003263296 0.69806163 0.29128601
-11.050166019324914 239.05186003263296 0.69806163 0.29128601
-11.060166019324914 239.05186003263296 0.69806163 0.29128601
-11.070166019324914 239.05186003263296 0.69806163 0.29128601
-11.080166019324835 242.7787562713867 0.1014797  0.89850304
-11.090166019324915 239.98739782823222 0.50553264 0.49451027
-11.100166019324913 239.98739782823222 0.50553264 0.49451027
-11.110166019324915 239.98739782823222 0.50553264 0.49451027
-11.120166019324913 239.98739782823222 0.50553264 0.49451027
-11.130166019324836 239.98739782823222 0.50553264 0.49451027
-11.140166019324914 239.98739782823222 0.50553264 0.49451027
-11.150166019324914 242.69504703819257 0.29851616 0.70197639
-11.160166019324913 240.1089347269581 0.70557582 0.29478571
-11.170166019324835 240.00888914626242 0.89798319 0.5074958 
-11.180166019324915 240.00888914626242 0.89798319 0.5074958 
-11.190166019324913 241.09346588060052 0.69670959 0.70524458
-11.200166019324914 240.1089347269581 0.70557582 0.29478571
-11.210166019324834 240.1089347269581 0.70557582 0.29478571
-11.220166019324914 240.1089347269581 0.70557582 0.29478571
-11.230166019324914 241.37958692151344 0.50246373 0.90514616
-11.240166019324914 240.1214094529686 0.10328574 0.49312962
-11.250166019324835 240.1214094529686 0.10328574 0.49312962
-11.260166019324913 240.1214094529686 0.10328574 0.49312962
-11.270166019324915 240.1214094529686 0.10328574 0.49312962
-11.280166019324913 240.7554023126146 0.49482126 0.10428409
-11.290166019324836 240.16793274348345 0.90707292 0.90264892
-11.300166019324914 240.16793274348345 0.90707292 0.90264892
-11.310166019324914 240.16793274348345 0.90707292 0.90264892
-11.320166019324914 240.16793274348345 0.90707292 0.90264892
-11.330166019324835 240.16793274348345 0.90707292 0.90264892
-11.340166019324915 240.16793274348345 0.90707292 0.90264892
-11.350166019324913 240.16793274348345 0.90707292 0.90264892
-11.360166019324915 240.16793274348345 0.90707292 0.90264892
-11.370166019324913 240.16793274348345 0.90707292 0.90264892
-11.380166019324836 240.16793274348345 0.90707292 0.90264892
-11.390166019324914 240.16793274348345 0.90707292 0.90264892
-11.400166019324914 240.16793274348345 0.90707292 0.90264892
-11.410166019324913 240.16793274348345 0.90707292 0.90264892
-11.420166019324835 237.29754244279766 0.69957077 0.31073813
-11.430166019324915 237.29754244279766 0.69957077 0.31073813
-11.440166019324913 240.1524433001019 0.09824198 0.89263448
-11.450166019324914 240.1524433001019 0.09824198 0.89263448
-11.460166019324834 240.1524433001019 0.09824198 0.89263448
-11.470166019324914 240.1524433001019 0.09824198 0.89263448
-11.480166019324914 240.1524433001019 0.09824198 0.89263448
-11.490166019324914 240.1524433001019 0.09824198 0.89263448
-11.500166019324835 240.1524433001019 0.09824198 0.89263448
-11.510166019324913 240.1524433001019 0.09824198 0.89263448
-11.520166019324915 240.1524433001019 0.09824198 0.89263448
-11.530166019324913 240.1524433001019 0.09824198 0.89263448
-11.540166019324836 242.47283961861012 0.09676368 0.90029727
-11.550166019324914 240.1888280544132 0.30396917 0.6936055 
-11.560166019324914 240.1888280544132 0.30396917 0.6936055 
-11.570166019324914 240.9374795226395 0.90462848 0.10447974
-11.580166019324835 240.1993572902109 0.5042461  0.90619721
-11.590166019324915 240.1993572902109 0.5042461  0.90619721
-11.600166019324913 240.37409383819 0.10720947 0.90093189
-11.610166019324915 240.23814667224184 0.09258476 0.49921934
-11.620166019324913 240.23814667224184 0.09258476 0.49921934
-11.630166019324836 240.23814667224184 0.09258476 0.49921934
-11.640166019324914 240.8854416943629 0.30620827 0.70199402
-11.650166019324914 240.279949229402 0.09581889 0.10610887
-11.660166019324913 240.279949229402 0.09581889 0.10610887
-11.670166019324835 240.279949229402 0.09581889 0.10610887
-11.680166019324915 239.85868354804882 0.70757149 0.70244564
-11.690166019324913 239.608120034204 0.90695677 0.09552263
-11.700166019324914 239.608120034204 0.90695677 0.09552263
-11.710166019324834 240.86191051494743 0.50379897 0.89465369
-11.720166019324914 241.71919210674048 0.29781968 0.29542219
-11.730166019324914 240.92937174226662 0.10578984 0.09715054
-11.740166019324914 240.3235561395774 0.10534929 0.49496926
-11.750166019324835 242.31986228893746 0.90307123 0.09795008
-11.760166019324913 241.74846914293045 0.50284783 0.89587518
-11.770166019324915 240.37409383819 0.10720947 0.90093189
-11.780166019324913 240.37409383819 0.10720947 0.90093189
-11.790166019324836 240.37409383819 0.10720947 0.90093189
-11.800166019324914 239.22590397462608 0.89857084 0.491392  
-11.810166019324914 239.22590397462608 0.89857084 0.491392  
-11.820166019324914 239.22590397462608 0.89857084 0.491392  
-11.830166019324835 242.54293356973116 0.09768742 0.49804807
-11.840166019324915 240.3925971396807 0.90724058 0.49979784
-11.850166019324913 240.3925971396807 0.90724058 0.49979784
-11.860166019324915 240.3925971396807 0.90724058 0.49979784
-11.870166019324913 242.97981756058977 0.70063105 0.29992433
-11.880166019324836 240.42002784581993 0.10169966 0.49299753
-11.890166019324914 240.42002784581993 0.10169966 0.49299753
-11.900166019324914 240.42002784581993 0.10169966 0.49299753
-11.910166019324913 240.42002784581993 0.10169966 0.49299753
-11.920166019324835 240.42002784581993 0.10169966 0.49299753
-11.930166019324915 242.78293620581127 0.09794772 0.10036666
-11.940166019324913 240.44622167581724 0.49283575 0.9002359 
-11.950166019324914 242.6352859477357 0.90025337 0.50269086
-11.960166019324834 240.47922550702827 0.70666376 0.69748367
-11.970166019324914 242.45857405037177 0.70185926 0.69728091
-11.980166019324914 240.54601954133793 0.10478522 0.50514931
-11.990166019324914 240.54601954133793 0.10478522 0.50514931
-12.000166019324835 240.54601954133793 0.10478522 0.50514931
-12.010166019324913 240.54601954133793 0.10478522 0.50514931
-12.020166019324915 240.54601954133793 0.10478522 0.50514931
-12.030166019324913 240.54601954133793 0.10478522 0.50514931
-12.040166019324836 240.54601954133793 0.10478522 0.50514931
-12.050166019324914 240.54601954133793 0.10478522 0.50514931
-12.060166019324914 240.54601954133793 0.10478522 0.50514931
-12.070166019324914 240.54601954133793 0.10478522 0.50514931
-12.080166019324835 242.90438360698397 0.29930088 0.70119387
-12.090166019324915 240.57924181798103 0.69307734 0.70087862
-12.100166019324913 242.18271734833752 0.30372423 0.30158672
-12.110166019324915 241.37109300971917 0.50396767 0.09587806
-12.120166019324913 240.63658649251764 0.50479518 0.50495841
-12.130166019324836 240.63658649251764 0.50479518 0.50495841
-12.140166019324914 240.63658649251764 0.50479518 0.50495841
-12.150166019324914 240.63658649251764 0.50479518 0.50495841
-12.160166019324913 240.63658649251764 0.50479518 0.50495841
-12.170166019324835 240.63658649251764 0.50479518 0.50495841
-12.180166019324915 240.63658649251764 0.50479518 0.50495841
-12.190166019324913 240.63658649251764 0.50479518 0.50495841
-12.200166019324914 241.89313486446702 0.89535359 0.50078451
-12.210166019324834 240.65554028169913 0.49372523 0.09720669
-12.220166019324914 240.65554028169913 0.49372523 0.09720669
-12.230166019324914 240.65554028169913 0.49372523 0.09720669
-12.240166019324914 240.65554028169913 0.49372523 0.09720669
-12.250166019324835 240.55262810401013 0.5006163  0.10698941
-12.260166019324913 240.55262810401013 0.5006163  0.10698941
-12.270166019324915 240.55262810401013 0.5006163  0.10698941
-12.280166019324913 240.55262810401013 0.5006163  0.10698941
-12.290166019324836 240.55262810401013 0.5006163  0.10698941
-12.300166019324914 240.55262810401013 0.5006163  0.10698941
-12.310166019324914 240.55262810401013 0.5006163  0.10698941
-12.320166019324914 240.55262810401013 0.5006163  0.10698941
-12.330166019324835 240.55262810401013 0.5006163  0.10698941
-12.340166019324915 241.36368508714068 0.29477008 0.70234956
-12.350166019324913 240.71675480131546 0.89408776 0.10331513
-12.360166019324915 240.71675480131546 0.89408776 0.10331513
-12.370166019324913 240.71675480131546 0.89408776 0.10331513
-12.380166019324836 240.71675480131546 0.89408776 0.10331513
-12.390166019324914 240.71675480131546 0.89408776 0.10331513
-12.400166019324914 241.00858416684704 0.89433597 0.90282141
-12.410166019324913 240.71774063923945 0.50373251 0.8943433 
-12.420166019324835 240.71774063923945 0.50373251 0.8943433 
-12.430166019324915 240.71774063923945 0.50373251 0.8943433 
-12.440166019324913 241.0156244003689 0.49507366 0.90395485
-12.450166019324914 240.71899093905375 0.50358388 0.50574966
-12.460166019324834 241.24644756632995 0.3053822  0.70250397
-12.470166019324914 240.720238032151 0.50674272 0.49938365
-12.480166019324914 240.720238032151 0.50674272 0.49938365
-12.490166019324914 240.720238032151 0.50674272 0.49938365
-12.500166019324835 240.720238032151 0.50674272 0.49938365
-12.510166019324913 240.720238032151 0.50674272 0.49938365
-12.520166019324915 240.720238032151 0.50674272 0.49938365
-12.530166019324913 240.720238032151 0.50674272 0.49938365
-12.540166019324836 240.720238032151 0.50674272 0.49938365
-12.550166019324914 240.720238032151 0.50674272 0.49938365
-12.560166019324914 240.720238032151 0.50674272 0.49938365
-12.570166019324914 241.3310301393815 0.49533877 0.10343689
-12.580166019324835 240.73400435597415 0.1067483  0.90015859
-12.590166019324915 240.73400435597415 0.1067483  0.90015859
-12.600166019324913 241.2856302370726 0.69413203 0.70000931
-12.610166019324915 242.3081043366724 0.49838288 0.89664519
-12.620166019324913 240.7605971731154 0.89382866 0.50263889
-12.630166019324914 240.7605971731154 0.89382866 0.50263889
-12.640166019324912 240.7605971731154 0.89382866 0.50263889
-12.650166019324745 240.7605971731154 0.89382866 0.50263889
-12.660166019324915 238.68975373597323 0.109326   0.49974306
-12.670166019324913 238.68975373597323 0.109326   0.49974306
-12.680166019324915 238.68975373597323 0.109326   0.49974306
-12.690166019324913 238.68975373597323 0.109326   0.49974306
-12.700166019324914 238.68975373597323 0.109326   0.49974306
-12.710166019324912 238.68975373597323 0.109326   0.49974306
-12.720166019324914 237.56498433560978 0.51004264 0.49696127
-12.730166019324745 237.56498433560978 0.51004264 0.49696127
-12.740166019324914 237.56498433560978 0.51004264 0.49696127
-12.750166019324915 237.56498433560978 0.51004264 0.49696127
-12.760166019324913 237.56498433560978 0.51004264 0.49696127
-12.770166019324915 237.56498433560978 0.51004264 0.49696127
-12.780166019324913 241.79033388789267 0.90261645 0.0958245 
-12.790166019324914 240.76740053478935 0.69587175 0.29471923
-12.800166019324912 240.76740053478935 0.69587175 0.29471923
-12.810166019324745 240.76740053478935 0.69587175 0.29471923
-12.820166019324915 240.76740053478935 0.69587175 0.29471923
-12.830166019324913 240.76740053478935 0.69587175 0.29471923
-12.840166019324915 240.76740053478935 0.69587175 0.29471923
-12.850166019324913 240.06222511474095 0.30204889 0.30741459
-12.860166019324915 240.06222511474095 0.30204889 0.30741459
-12.870166019324913 240.06222511474095 0.30204889 0.30741459
-12.880166019324914 240.06222511474095 0.30204889 0.30741459
-12.890166019324912 239.97108166081037 0.70504375 0.69403031
-12.900166019324745 239.86494236792163 0.9054127  0.49417436
-12.910166019324915 239.86494236792163 0.9054127  0.49417436
-12.920166019324913 239.86494236792163 0.9054127  0.49417436
-12.930166019324915 239.86494236792163 0.9054127  0.49417436
-12.940166019324913 239.5872929556546 0.90196588 0.90805868
-12.950166019324914 239.5872929556546 0.90196588 0.90805868
-12.960166019324912 241.14674917123838 0.89531663 0.89608503
-12.970166019324914 240.77460215113445 0.10192152 0.90640817
-12.980166019324745 240.77460215113445 0.10192152 0.90640817
-12.990166019324914 239.9409327054054 0.69329821 0.70409401
-13.000166019324915 239.9409327054054 0.69329821 0.70409401
-13.010166019324913 239.9409327054054 0.69329821 0.70409401
-13.020166019324915 239.9409327054054 0.69329821 0.70409401
-13.030166019324913 239.9409327054054 0.69329821 0.70409401
-13.040166019324914 239.9409327054054 0.69329821 0.70409401
-13.050166019324912 239.9409327054054 0.69329821 0.70409401
-13.060166019324745 242.28619964768504 0.10143536 0.09650016
-13.070166019324915 241.90953160625838 0.89694004 0.09646163
-13.080166019324913 240.79495985898686 0.90366611 0.89443879
-13.090166019324915 240.79495985898686 0.90366611 0.89443879
-13.100166019324913 240.79495985898686 0.90366611 0.89443879
-13.110166019324915 240.79495985898686 0.90366611 0.89443879
-13.120166019324913 240.79495985898686 0.90366611 0.89443879
-13.130166019324914 240.79495985898686 0.90366611 0.89443879
-13.140166019324912 242.78192954345707 0.10087795 0.90189628
-13.150166019324745 240.86191051494743 0.50379897 0.89465369
-13.160166019324915 240.86191051494743 0.50379897 0.89465369
-13.170166019324913 240.86191051494743 0.50379897 0.89465369
-13.180166019324915 240.86191051494743 0.50379897 0.89465369
-13.190166019324913 240.86191051494743 0.50379897 0.89465369
-13.200166019324914 240.86191051494743 0.50379897 0.89465369
-13.210166019324912 240.86191051494743 0.50379897 0.89465369
-13.220166019324914 240.86191051494743 0.50379897 0.89465369
-13.230166019324745 242.0192037715342 0.10025184 0.10442788
-13.240166019324914 240.8847320760802 0.89430979 0.10318889
-13.250166019324915 240.8847320760802 0.89430979 0.10318889
-13.260166019324913 240.8847320760802 0.89430979 0.10318889
-13.270166019324915 240.8847320760802 0.89430979 0.10318889
-13.280166019324913 240.8847320760802 0.89430979 0.10318889
-13.290166019324914 241.70980471932947 0.50069724 0.90504041
-13.300166019324912 240.8854416943629 0.30620827 0.70199402
-13.310166019324745 240.8854416943629 0.30620827 0.70199402
-13.320166019324915 240.8854416943629 0.30620827 0.70199402
-13.330166019324913 240.8854416943629 0.30620827 0.70199402
-13.340166019324915 240.8854416943629 0.30620827 0.70199402
-13.350166019324913 240.8854416943629 0.30620827 0.70199402
-13.360166019324915 240.8854416943629 0.30620827 0.70199402
-13.370166019324913 240.8854416943629 0.30620827 0.70199402
-13.380166019324914 240.8854416943629 0.30620827 0.70199402
-13.390166019324912 240.69595320537317 0.5057858  0.09640927
-13.400166019324745 240.69595320537317 0.5057858  0.09640927
-13.410166019324915 240.52791198057233 0.29766832 0.6933432 
-13.420166019324913 240.52791198057233 0.29766832 0.6933432 
-13.430166019324915 240.52791198057233 0.29766832 0.6933432 
-13.440166019324913 240.52791198057233 0.29766832 0.6933432 
-13.450166019324914 242.2567438706647 0.50213475 0.10321638
-13.460166019324912 240.92937174226662 0.10578984 0.09715054
-13.470166019324914 240.92937174226662 0.10578984 0.09715054
-13.480166019324745 240.92937174226662 0.10578984 0.09715054
-13.490166019324914 240.92937174226662 0.10578984 0.09715054
-13.500166019324915 240.92937174226662 0.10578984 0.09715054
-13.510166019324913 240.92937174226662 0.10578984 0.09715054
-13.520166019324915 242.3931893627021 0.30041464 0.2965376 
-13.530166019324913 242.25983106884286 0.30373281 0.30095056
-13.540166019324914 241.00858416684704 0.89433597 0.90282141
-13.550166019324912 241.00858416684704 0.89433597 0.90282141
-13.560166019324745 241.00858416684704 0.89433597 0.90282141
-13.570166019324915 242.95958306414363 0.10049332 0.10075208
-13.580166019324913 241.00858960896622 0.70627743 0.70078504
-13.590166019324915 241.00858960896622 0.70627743 0.70078504
-13.600166019324913 241.00155828948505 0.10358263 0.10523029
-13.610166019324915 241.00155828948505 0.10358263 0.10523029
-13.620166019324913 241.00155828948505 0.10358263 0.10523029
-13.630166019324914 241.00155828948505 0.10358263 0.10523029
-13.640166019324912 241.00155828948505 0.10358263 0.10523029
-13.650166019324745 241.00155828948505 0.10358263 0.10523029
-13.660166019324915 241.00155828948505 0.10358263 0.10523029
-13.670166019324913 241.00155828948505 0.10358263 0.10523029
-13.680166019324915 241.00155828948505 0.10358263 0.10523029
-13.690166019324913 241.00155828948505 0.10358263 0.10523029
-13.700166019324914 241.00155828948505 0.10358263 0.10523029
-13.710166019324912 241.00155828948505 0.10358263 0.10523029
-13.720166019324914 241.00155828948505 0.10358263 0.10523029
-13.730166019324745 241.00155828948505 0.10358263 0.10523029
-13.740166019324914 242.48175902575153 0.0993647 0.5031591
-13.750166019324915 241.0156244003689 0.49507366 0.90395485
-13.760166019324913 242.32974717871403 0.89677328 0.09826107
-13.770166019324915 241.09346588060052 0.69670959 0.70524458
-13.780166019324913 241.09346588060052 0.69670959 0.70524458
-13.790166019324914 241.09346588060052 0.69670959 0.70524458
-13.800166019324912 241.09346588060052 0.69670959 0.70524458
-13.810166019324745 241.09346588060052 0.69670959 0.70524458
-13.820166019324915 241.09346588060052 0.69670959 0.70524458
-13.830166019324913 241.09346588060052 0.69670959 0.70524458
-13.840166019324915 241.09346588060052 0.69670959 0.70524458
-13.850166019324913 241.09346588060052 0.69670959 0.70524458
-13.860166019324915 241.80478437317328 0.10326577 0.89634944
-13.870166019324913 241.10819477525703 0.49601341 0.90470605
-13.880166019324914 241.10819477525703 0.49601341 0.90470605
-13.890166019324912 241.10819477525703 0.49601341 0.90470605
-13.900166019324745 241.10819477525703 0.49601341 0.90470605
-13.910166019324915 241.10819477525703 0.49601341 0.90470605
-13.920166019324913 241.10819477525703 0.49601341 0.90470605
-13.930166019324915 241.10819477525703 0.49601341 0.90470605
-13.940166019324913 241.10819477525703 0.49601341 0.90470605
-13.950166019324914 241.10819477525703 0.49601341 0.90470605
-13.960166019324912 241.10819477525703 0.49601341 0.90470605
-13.970166019324914 241.10819477525703 0.49601341 0.90470605
-13.980166019324745 241.10819477525703 0.49601341 0.90470605
-13.990166019324914 241.930816292178 0.50337396 0.0968264 
-14.000166019324915 241.14225026644436 0.70562789 0.70238026
-14.010166019324913 241.14225026644436 0.70562789 0.70238026
-14.020166019324915 241.14225026644436 0.70562789 0.70238026
-14.030166019324913 241.14225026644436 0.70562789 0.70238026
-14.040166019324914 241.14225026644436 0.70562789 0.70238026
-14.050166019324912 241.14225026644436 0.70562789 0.70238026
-14.060166019324745 242.59692662747898 0.30028733 0.70282689
-14.070166019324915 241.14343756261084 0.09438259 0.49760008
-14.080166019324913 241.14343756261084 0.09438259 0.49760008
-14.090166019324915 241.14343756261084 0.09438259 0.49760008
-14.100166019324913 241.14343756261084 0.09438259 0.49760008
-14.110166019324915 241.14343756261084 0.09438259 0.49760008
-14.120166019324913 241.14343756261084 0.09438259 0.49760008
-14.130166019324914 241.14343756261084 0.09438259 0.49760008
-14.140166019324912 241.14343756261084 0.09438259 0.49760008
-14.150166019324745 241.14343756261084 0.09438259 0.49760008
-14.160166019324915 241.14343756261084 0.09438259 0.49760008
-14.170166019324913 241.14343756261084 0.09438259 0.49760008
-14.180166019324915 241.14343756261084 0.09438259 0.49760008
-14.190166019324913 241.14343756261084 0.09438259 0.49760008
-14.200166019324914 241.97069416605154 0.10108878 0.49558856
-14.210166019324912 241.14674917123838 0.89531663 0.89608503
-14.220166019324914 241.14674917123838 0.89531663 0.89608503
-14.230166019324745 241.14674917123838 0.89531663 0.89608503
-14.240166019324914 241.14674917123838 0.89531663 0.89608503
-14.250166019324915 241.14674917123838 0.89531663 0.89608503
-14.260166019324913 241.14674917123838 0.89531663 0.89608503
-14.270166019324915 241.14674917123838 0.89531663 0.89608503
-14.280166019324913 241.14674917123838 0.89531663 0.89608503
-14.290166019324914 241.14674917123838 0.89531663 0.89608503
-14.300166019324912 242.1504125507731 0.89599962 0.4989842 
-14.310166019324745 241.22516356165144 0.09720009 0.09472454
-14.320166019324915 241.22516356165144 0.09720009 0.09472454
-14.330166019324913 242.98899247972227 0.30034816 0.29968521
-14.340166019324915 241.23790637698647 0.50269093 0.89469238
-14.350166019324913 241.23790637698647 0.50269093 0.89469238
-14.360166019324915 241.23790637698647 0.50269093 0.89469238
-14.370166019324913 241.23790637698647 0.50269093 0.89469238
-14.380166019324914 241.23790637698647 0.50269093 0.89469238
-14.390166019324912 241.23790637698647 0.50269093 0.89469238
-14.400166019324745 241.23790637698647 0.50269093 0.89469238
-14.410166019324915 241.23790637698647 0.50269093 0.89469238
-14.420166019324913 242.2823711941462 0.90210562 0.89684502
-14.430166019324915 241.24541384336956 0.89568319 0.89592146
-14.440166019324913 241.24541384336956 0.89568319 0.89592146
-14.450166019324914 241.24541384336956 0.89568319 0.89592146
-14.460166019324912 241.24541384336956 0.89568319 0.89592146
-14.470166019324914 241.24541384336956 0.89568319 0.89592146
-14.480166019324745 241.24541384336956 0.89568319 0.89592146
-14.490166019324914 241.24541384336956 0.89568319 0.89592146
-14.500166019324915 241.24541384336956 0.89568319 0.89592146
-14.510166019324913 241.24541384336956 0.89568319 0.89592146
-14.520166019324915 241.24541384336956 0.89568319 0.89592146
-14.530166019324913 241.24541384336956 0.89568319 0.89592146
-14.540166019324914 241.24541384336956 0.89568319 0.89592146
-14.550166019324912 241.24541384336956 0.89568319 0.89592146
-14.560166019324745 241.24541384336956 0.89568319 0.89592146
-14.570166019324915 241.24541384336956 0.89568319 0.89592146
-14.580166019324913 241.24541384336956 0.89568319 0.89592146
-14.590166019324915 241.24541384336956 0.89568319 0.89592146
-14.600166019324913 241.24541384336956 0.89568319 0.89592146
-14.610166019324915 241.24541384336956 0.89568319 0.89592146
-14.620166019324913 241.24541384336956 0.89568319 0.89592146
-14.630166019324914 241.24541384336956 0.89568319 0.89592146
-14.640166019324912 241.24541384336956 0.89568319 0.89592146
-14.650166019324745 241.24541384336956 0.89568319 0.89592146
-14.660166019324915 241.24541384336956 0.89568319 0.89592146
-14.670166019324913 241.24541384336956 0.89568319 0.89592146
-14.680166019324915 241.24541384336956 0.89568319 0.89592146
-14.690166019324913 241.24541384336956 0.89568319 0.89592146
-14.700166019324914 241.24541384336956 0.89568319 0.89592146
-14.710166019324912 241.24541384336956 0.89568319 0.89592146
-14.720166019324914 241.24541384336956 0.89568319 0.89592146
-14.730166019324745 241.24541384336956 0.89568319 0.89592146
-14.740166019324914 241.24541384336956 0.89568319 0.89592146
-14.750166019324915 241.24541384336956 0.89568319 0.89592146
-14.760166019324913 240.08808599819892 0.89921313 0.09238324
-14.770166019324915 240.08808599819892 0.89921313 0.09238324
-14.780166019324913 240.08808599819892 0.89921313 0.09238324
-14.790166019324914 240.24327317781385 0.09318118 0.09699551
-14.800166019324912 240.24327317781385 0.09318118 0.09699551
-14.810166019324745 240.24327317781385 0.09318118 0.09699551
-14.820166019324915 240.31511920109733 0.10484974 0.90552934
-14.830166019324913 240.31511920109733 0.10484974 0.90552934
-14.840166019324915 240.31511920109733 0.10484974 0.90552934
-14.850166019324913 240.31511920109733 0.10484974 0.90552934
-14.860166019324915 240.31511920109733 0.10484974 0.90552934
-14.870166019324913 240.31511920109733 0.10484974 0.90552934
-14.880166019324914 240.31511920109733 0.10484974 0.90552934
-14.890166019324912 240.31511920109733 0.10484974 0.90552934
-14.900166019324745 240.31511920109733 0.10484974 0.90552934
-14.910166019324915 240.31511920109733 0.10484974 0.90552934
-14.920166019324913 240.31511920109733 0.10484974 0.90552934
-14.930166019324915 240.31511920109733 0.10484974 0.90552934
-14.940166019324913 240.31511920109733 0.10484974 0.90552934
-14.950166019324914 240.31511920109733 0.10484974 0.90552934
-14.960166019324912 240.31511920109733 0.10484974 0.90552934
-14.970166019324914 242.0453215623234 0.49675821 0.90293987
-14.980166019324745 241.24644756632995 0.3053822  0.70250397
-14.990166019324914 241.24644756632995 0.3053822  0.70250397
-15.000166019324915 241.24644756632995 0.3053822  0.70250397
-15.010166019324913 241.19191795150806 0.29397793 0.29976091
-15.020166019324915 241.19191795150806 0.29397793 0.29976091
-15.030166019324913 241.19191795150806 0.29397793 0.29976091
-15.040166019324914 241.19191795150806 0.29397793 0.29976091
-15.050166019324912 241.19191795150806 0.29397793 0.29976091
-15.060166019324745 241.19191795150806 0.29397793 0.29976091
-15.070166019324915 242.7089013196498 0.0976017  0.50027888
-15.080166019324913 241.26708010554742 0.70508564 0.30299373
-15.090166019324915 241.26708010554742 0.70508564 0.30299373
-15.100166019324913 241.26708010554742 0.70508564 0.30299373
-15.110166019324915 241.26708010554742 0.70508564 0.30299373
-15.120166019324913 241.26708010554742 0.70508564 0.30299373
-15.130166019324914 241.26708010554742 0.70508564 0.30299373
-15.140166019324912 241.26708010554742 0.70508564 0.30299373
-15.150166019324745 241.26708010554742 0.70508564 0.30299373
-15.160166019324915 241.26708010554742 0.70508564 0.30299373
-15.170166019324913 241.26708010554742 0.70508564 0.30299373
-15.180166019324915 241.26708010554742 0.70508564 0.30299373
-15.190166019324913 241.26708010554742 0.70508564 0.30299373
-15.200166019324914 241.26708010554742 0.70508564 0.30299373
-15.210166019324912 241.26708010554742 0.70508564 0.30299373
-15.220166019324914 241.15013927985652 0.89965092 0.50608633
-15.230166019324745 241.15013927985652 0.89965092 0.50608633
-15.240166019324914 241.15013927985652 0.89965092 0.50608633
-15.250166019324915 240.97698921120477 0.49881637 0.10626591
-15.260166019324913 240.97698921120477 0.49881637 0.10626591
-15.270166019324915 240.97698921120477 0.49881637 0.10626591
-15.280166019324913 240.97698921120477 0.49881637 0.10626591
-15.290166019324914 240.97698921120477 0.49881637 0.10626591
-15.300166019324912 239.69945264656405 0.49742833 0.4922586 
-15.310166019324745 239.69945264656405 0.49742833 0.4922586 
-15.320166019324915 239.69945264656405 0.49742833 0.4922586 
-15.330166019324913 241.373260637287 0.49902978 0.90563278
-15.340166019324915 241.28071024770375 0.4988969  0.89422776
-15.350166019324913 241.28071024770375 0.4988969  0.89422776
-15.360166019324915 242.50315223358533 0.50262551 0.89824999
-15.370166019324913 241.2856302370726 0.69413203 0.70000931
-15.380166019324914 239.63128927281824 0.50321975 0.10758786
-15.390166019324912 239.63128927281824 0.50321975 0.10758786
-15.400166019324745 239.63128927281824 0.50321975 0.10758786
-15.410166019324915 239.63128927281824 0.50321975 0.10758786
-15.420166019324913 239.63128927281824 0.50321975 0.10758786
-15.430166019324915 239.63128927281824 0.50321975 0.10758786
-15.440166019324913 239.63128927281824 0.50321975 0.10758786
-15.450166019324914 239.63128927281824 0.50321975 0.10758786
-15.460166019324912 239.63128927281824 0.50321975 0.10758786
-15.470166019324914 239.63128927281824 0.50321975 0.10758786
-15.480166019324745 239.63128927281824 0.50321975 0.10758786
-15.490166019324914 239.63128927281824 0.50321975 0.10758786
-15.500166019324915 239.63128927281824 0.50321975 0.10758786
-15.510166019324913 239.63128927281824 0.50321975 0.10758786
-15.520166019324915 239.63128927281824 0.50321975 0.10758786
-15.530166019324913 239.63128927281824 0.50321975 0.10758786
-15.540166019324914 239.63128927281824 0.50321975 0.10758786
-15.550166019324912 239.63128927281824 0.50321975 0.10758786
-15.560166019324745 242.88295168549465 0.90108729 0.09892246
-15.570166019324915 241.3310301393815 0.49533877 0.10343689
-15.580166019324913 241.3310301393815 0.49533877 0.10343689
-15.590166019324915 241.3310301393815 0.49533877 0.10343689
-15.600166019324913 241.3310301393815 0.49533877 0.10343689
-15.610166019324915 241.3310301393815 0.49533877 0.10343689
-15.620166019324913 241.3310301393815 0.49533877 0.10343689
-15.630166019324914 242.35710135781773 0.10348773 0.50084883
-15.640166019324912 241.3371797296823 0.10574487 0.90062586
-15.650166019324745 241.3371797296823 0.10574487 0.90062586
-15.660166019324915 241.3371797296823 0.10574487 0.90062586
-15.670166019324913 241.3371797296823 0.10574487 0.90062586
-15.680166019324915 241.3371797296823 0.10574487 0.90062586
-15.690166019324913 241.3371797296823 0.10574487 0.90062586
-15.700166019324914 241.3371797296823 0.10574487 0.90062586
-15.710166019324912 241.3371797296823 0.10574487 0.90062586
-15.720166019324914 241.3371797296823 0.10574487 0.90062586
-15.730166019324745 241.3371797296823 0.10574487 0.90062586
-15.740166019324914 241.3371797296823 0.10574487 0.90062586
-15.750166019324915 241.3371797296823 0.10574487 0.90062586
-15.760166019324913 241.3371797296823 0.10574487 0.90062586
-15.770166019324915 241.3371797296823 0.10574487 0.90062586
-15.780166019324913 241.3371797296823 0.10574487 0.90062586
-15.790166019324914 241.3371797296823 0.10574487 0.90062586
-15.800166019324912 241.3371797296823 0.10574487 0.90062586
-15.810166019324745 241.3371797296823 0.10574487 0.90062586
-15.820166019324915 241.3371797296823 0.10574487 0.90062586
-15.830166019324913 242.97852038811118 0.10062492 0.90019846
-15.840166019324915 242.99115783487903 0.10038677 0.90016548
-15.850166019324913 242.07215126300676 0.09999374 0.49568659
-15.860166019324915 241.36368508714068 0.29477008 0.70234956
-15.870166019324913 241.36368508714068 0.29477008 0.70234956
-15.880166019324914 241.99117222914833 0.70435402 0.30113017
-15.890166019324912 241.5644872228067 0.89771969 0.90486065
-15.900166019324745 241.373260637287 0.49902978 0.90563278
-15.910166019324915 241.373260637287 0.49902978 0.90563278
-15.920166019324913 241.373260637287 0.49902978 0.90563278
-15.930166019324915 241.373260637287 0.49902978 0.90563278
-15.940166019324913 241.373260637287 0.49902978 0.90563278
-15.950166019324914 241.373260637287 0.49902978 0.90563278
-15.960166019324912 241.373260637287 0.49902978 0.90563278
-15.970166019324914 242.46976810299046 0.89948131 0.1032179 
-15.980166019324745 241.37958692151344 0.50246373 0.90514616
-15.990166019324914 241.37958692151344 0.50246373 0.90514616
-16.000166019324915 241.37958692151344 0.50246373 0.90514616
-16.010166019324913 241.37958692151344 0.50246373 0.90514616
-16.020166019324915 241.37958692151344 0.50246373 0.90514616
-16.030166019324913 241.37958692151344 0.50246373 0.90514616
-16.040166019324914 241.37958692151344 0.50246373 0.90514616
-16.050166019324912 241.37958692151344 0.50246373 0.90514616
-16.060166019324747 240.3014986415487 0.69345565 0.29660557
-16.070166019324915 240.3014986415487 0.69345565 0.29660557
-16.080166019324913 240.3014986415487 0.69345565 0.29660557
-16.090166019324915 240.3014986415487 0.69345565 0.29660557
-16.100166019324913 240.3014986415487 0.69345565 0.29660557
-16.110166019324915 240.3014986415487 0.69345565 0.29660557
-16.120166019324913 240.3014986415487 0.69345565 0.29660557
-16.130166019324914 240.3014986415487 0.69345565 0.29660557
-16.140166019324912 240.3014986415487 0.69345565 0.29660557
-16.150166019324743 240.3014986415487 0.69345565 0.29660557
-16.160166019324915 240.3014986415487 0.69345565 0.29660557
-16.170166019324913 240.3014986415487 0.69345565 0.29660557
-16.180166019324915 240.3014986415487 0.69345565 0.29660557
-16.190166019324913 240.3014986415487 0.69345565 0.29660557
-16.200166019324914 240.3014986415487 0.69345565 0.29660557
-16.210166019324912 240.3014986415487 0.69345565 0.29660557
-16.220166019324914 240.3014986415487 0.69345565 0.29660557
-16.230166019324745 239.32326544265052 0.30466896 0.69275819
-16.240166019324914 239.32326544265052 0.30466896 0.69275819
-16.250166019324915 239.32326544265052 0.30466896 0.69275819
-16.260166019324913 239.32326544265052 0.30466896 0.69275819
-16.270166019324915 239.32326544265052 0.30466896 0.69275819
-16.280166019324913 239.32326544265052 0.30466896 0.69275819
-16.290166019324914 239.32326544265052 0.30466896 0.69275819
-16.300166019324912 241.18922760830458 0.10581292 0.89838948
-16.310166019324747 241.18922760830458 0.10581292 0.89838948
-16.320166019324915 241.18922760830458 0.10581292 0.89838948
-16.330166019324913 241.18922760830458 0.10581292 0.89838948
-16.340166019324915 241.18922760830458 0.10581292 0.89838948
-16.350166019324913 241.18922760830458 0.10581292 0.89838948
-16.360166019324915 241.18922760830458 0.10581292 0.89838948
-16.370166019324913 241.18922760830458 0.10581292 0.89838948
-16.380166019324914 241.18922760830458 0.10581292 0.89838948
-16.390166019324912 241.18922760830458 0.10581292 0.89838948
-16.400166019324743 241.18922760830458 0.10581292 0.89838948
-16.410166019324915 241.18922760830458 0.10581292 0.89838948
-16.420166019324913 241.18922760830458 0.10581292 0.89838948
-16.430166019324915 241.18922760830458 0.10581292 0.89838948
-16.440166019324913 241.18922760830458 0.10581292 0.89838948
-16.450166019324914 241.18922760830458 0.10581292 0.89838948
-16.460166019324912 241.18922760830458 0.10581292 0.89838948
-16.470166019324914 241.18922760830458 0.10581292 0.89838948
-16.480166019324745 241.18922760830458 0.10581292 0.89838948
-16.490166019324914 241.18922760830458 0.10581292 0.89838948
-16.500166019324915 241.18922760830458 0.10581292 0.89838948
-16.510166019324913 241.18922760830458 0.10581292 0.89838948
-16.520166019324915 241.18922760830458 0.10581292 0.89838948
-16.530166019324913 241.18922760830458 0.10581292 0.89838948
-16.540166019324914 241.18922760830458 0.10581292 0.89838948
-16.550166019324912 241.18922760830458 0.10581292 0.89838948
-16.560166019324747 241.18922760830458 0.10581292 0.89838948
-16.570166019324915 241.18922760830458 0.10581292 0.89838948
-16.580166019324913 241.18922760830458 0.10581292 0.89838948
-16.590166019324915 241.18922760830458 0.10581292 0.89838948
-16.600166019324913 241.18922760830458 0.10581292 0.89838948
-16.610166019324915 241.18922760830458 0.10581292 0.89838948
-16.620166019324913 241.18922760830458 0.10581292 0.89838948
-16.630166019324914 241.18922760830458 0.10581292 0.89838948
-16.640166019324912 241.18922760830458 0.10581292 0.89838948
-16.650166019324743 241.18922760830458 0.10581292 0.89838948
-16.660166019324915 241.18922760830458 0.10581292 0.89838948
-16.670166019324913 241.18922760830458 0.10581292 0.89838948
-16.680166019324915 241.18922760830458 0.10581292 0.89838948
-16.690166019324913 241.18922760830458 0.10581292 0.89838948
-16.700166019324914 241.18922760830458 0.10581292 0.89838948
-16.710166019324912 241.18922760830458 0.10581292 0.89838948
-16.720166019324914 241.18922760830458 0.10581292 0.89838948
-16.730166019324745 241.18922760830458 0.10581292 0.89838948
-16.740166019324914 241.18922760830458 0.10581292 0.89838948
-16.750166019324915 241.18922760830458 0.10581292 0.89838948
-16.760166019324913 238.99107721926904 0.69763106 0.30867912
-16.770166019324915 238.99107721926904 0.69763106 0.30867912
-16.780166019324913 238.99107721926904 0.69763106 0.30867912
-16.790166019324914 238.99107721926904 0.69763106 0.30867912
-16.800166019324912 241.30642890065033 0.29679825 0.69512324
-16.810166019324747 241.30642890065033 0.29679825 0.69512324
-16.820166019324915 241.30642890065033 0.29679825 0.69512324
-16.830166019324913 241.30642890065033 0.29679825 0.69512324
-16.840166019324915 241.30642890065033 0.29679825 0.69512324
-16.850166019324913 241.30642890065033 0.29679825 0.69512324
-16.860166019324915 241.30642890065033 0.29679825 0.69512324
-16.870166019324913 241.30642890065033 0.29679825 0.69512324
-16.880166019324914 242.6968575275263 0.89755709 0.90032119
-16.890166019324912 241.3918186893618 0.09474422 0.50216348
-16.900166019324743 241.3918186893618 0.09474422 0.50216348
-16.910166019324915 241.3918186893618 0.09474422 0.50216348
-16.920166019324913 241.3918186893618 0.09474422 0.50216348
-16.930166019324915 241.3918186893618 0.09474422 0.50216348
-16.940166019324913 241.3918186893618 0.09474422 0.50216348
-16.950166019324914 241.3918186893618 0.09474422 0.50216348
-16.960166019324912 241.3918186893618 0.09474422 0.50216348
-16.970166019324914 241.3918186893618 0.09474422 0.50216348
-16.980166019324745 241.3918186893618 0.09474422 0.50216348
-16.990166019324914 242.15604137336115 0.10213533 0.49648354
-17.000166019324915 241.41924225196502 0.0970159  0.09521956
-17.010166019324913 240.89948592684937 0.10351832 0.09453425
-17.020166019324915 240.89948592684937 0.10351832 0.09453425
-17.030166019324913 240.89948592684937 0.10351832 0.09453425
