0 -6.044945772474689  2.83508094 -1.18264218
0 -8.328317454153218 4.85686817 1.73851904
0 -0.988286284589185 -0.98204672  0.74674748
0 -10.807193799400665  3.73240695 -1.68034776
0 -1.6635516985100063 -1.35533199 -3.55016273
0 -8.878060698802622 -3.22167112  1.79161902
0 -4.211829239365839 3.64363252 1.75385502
0 -3.8978408386740098 -0.3052529 -4.2420262
0 -5.815213838103194 3.82942304 0.89746558
0 -5.757867023223788  1.70511038 -2.78087521
0 -7.400187731050843 4.52196756 1.49664769
0 -4.46733852394221  1.74951806 -2.09866861
0 -0.8908657940883157  1.17086117 -0.30986409
0 -14.356306168938222  4.24282523 -2.036001  
0 -4.209868690308317 -1.95436678  1.65394657
0 -1.2416488581483578 1.33187547 3.11868916
0 -6.32142423464731 4.97421585 4.23741624
0 -6.446701577460011  1.44997036 -3.41669095
0 -1.7108859443271078 -1.90848027 -3.69768312
0 -6.795146276607551 3.69004013 0.00708087
0 -18.83817320748286  3.15026054 -4.93853117
0 -5.57568509637761 -1.88168827  2.44982297
0 -7.273861044045606 -4.97378711 -2.88647163
0 -1.3374898493653222 -1.90918962 -0.6034506 
0 -5.207274727638567  1.00324165 -3.44901678
0 -3.9217660560753163 -2.76671712  0.06742131
0 -2.442035698653865 3.10575793 2.75588586
0 -0.5814322211236501 -1.41015504 -0.82947298
0 -16.202624470144368  3.96126993 -3.04721339
0 -4.4573404873057 -4.20569373 -4.58186151
0 -6.044547688806464 4.16476387 1.55077599
0 -7.066761861586447 3.99680114 0.49071671
0 -4.408595079064159  2.32689826 -1.16880264
0 -11.563880733331745 4.8604543  0.10319596
0 -16.208415003231494 -2.99722571  4.47607999
0 -0.8482622839200008  0.05895329 -1.78212619
0 -1.4379719575158947 -1.91048247 -3.36029093
0 -13.049174531915808 -2.86076845  3.77343851
0 -1.732630965581705  1.0241071  -1.40112042
0 -7.0158918518548585 -4.81713484 -2.61287094
0 -0.1266066226527456 -0.68390741 -0.48719151
0 -8.219846627400248  3.30976375 -1.37263419
0 -12.237461383491265  1.86209861 -4.88196799
0 -7.209903097241185 -4.85953019 -2.57379645
0 -1.2372482162687937 1.8815783  0.69471018
0 -3.3717554625902775 -3.50759505 -4.59562024
0 -5.596291783743924 -4.71225033 -4.28814665
0 -4.019804970782781 -3.55574362 -1.70212359
0 -2.6453219238487025 1.26429101 4.2614323 
0 -1.5211598197201284 0.00756947 2.47426402
0 -6.603147957820823 4.88880574 3.30382299
0 -2.2368115746674895 -0.25741563  2.72268227
0 -2.4114782766340594 2.33314381 4.38310797
0 -8.779396304321986 -3.44381138  1.37881741
0 -10.280110344633208  3.42928191 -1.98924805
0 -3.7203345780136634 -0.20592785 -4.05806129
0 -16.549733057408943  4.13959076 -2.86488784
0 -13.905143051210366  4.89289227 -0.73562241
0 -1.123639041340623 -0.94383879  0.95450904
0 -1.8279186690135774 -1.37229261 -3.70220413
0 -3.9294891028541716  1.06616965 -2.75236917
0 -7.083760889055478 -1.68492912  3.36443297
0 -1.2683291915699466 -1.08614055  0.88708409
0 -6.980780608452289  2.05194724 -2.81761485
0 -5.5889155616629065  2.30336006 -1.82582808
0 -19.21378700872451 -3.55403898  4.45994598
0 -14.560007099250926 -3.14101001  3.81413805
0 -0.4245257413061646 -1.30244224 -1.34424134
0 -1.5531123503078876 2.13048074 3.42411949
0 -0.887020583231777 0.11316231 1.99339544
0 -5.97064077755117 4.07111842 1.36768394
0 -3.3159007280904382  2.25397108 -0.60666125
0 -2.7623803697581453 3.00709375 1.59043972
0 -2.3223210766782305 -0.40092523 -3.42227315
0 -21.37613395034107  4.10077962 -4.18705135
0 -1.345732193697057 -1.80343011 -3.26307685
0 -8.604885313187289  3.69646511 -0.85937586
0 -6.0273607794968 -2.07512011  2.37497199
0 -1.5805565106392536 -0.97169701 -3.29075522
0 -7.358892154323609  1.71446195 -3.43298293
0 -0.2208399544861206 0.89851899 0.62279549
0 -4.8466735148990265 4.11048869 2.53233257
0 -7.466897554906615 -3.6749643   0.37006075
0 -5.506749799322521 -2.71412821  1.11477598
0 -12.457074683335998 -2.2301626   4.46720058
0 -7.150718993147549 4.17869443 0.84082253
0 -14.111841552722614 -4.22472364  1.98809185
0 -9.568047278009677 -1.78023889  4.1445344 
0 -3.139601865201451 3.28953758 4.6076233 
0 -2.6923627080130403 -1.85253436 -4.56132879
0 -7.999007124433266  1.42210461 -4.05271474
0 -16.028927975912744 -3.68076091  3.43033683
0 -8.874232382949025 -3.56901872  1.20162431
0 -2.2571393841846756 -2.41311134 -0.62273395
0 -9.646197922021043 -4.65976719 -0.55229091
0 -11.672115650416668 -3.35381205  2.59937259
0 -2.3777448960098826 -2.82140976 -1.57616819
0 -14.64088167787583  3.98196719 -2.5531276 
0 -9.493074018837719 -4.44622196 -0.17967694
0 -14.101205560469602  2.55917945 -4.50165781
0 -12.108846563819412 -4.58458656  0.6515334 
0 -2.4358950537382302 3.08658556 3.55195616
0 -4.912780081442701 4.42688329 4.19488189
0 -2.2358565349486117 -2.98400122 -3.18189727
0 -0.5838674414531096 -0.03238021 -1.56026152
0 -3.1181594608103103 -3.1827576  -1.65217212
0 -9.67628713183273  1.2103786  -4.89209075
0 -4.4671121356845696 -0.20085433 -4.42318853
0 -4.333225036783518 -4.05567618 -3.11525559
0 -2.768336963212548 -1.38123052 -4.40869647
0 -7.1332043762361295  0.3314128  -4.99990814
0 -10.930590150249289 4.88308469 0.42462704
0 -5.305193288878943 4.52316188 3.65036194
0 -2.337402222702474 -1.45246851  1.23824592
0 -3.3329395517342704 -3.49712553 -2.44742499
0 -12.562864173144261  4.02869712 -1.80406005
0 -5.960191173113399 3.65418544 0.41571459
0 -7.708721661634556 -3.36796768  1.04697063
0 -26.670070460276982 -4.9238511   4.15557467
0 -2.4274343119226724 3.08748108 2.66653235
0 -10.404377814893941 -1.64047821  4.59861969
0 -4.24270532900533 4.1075171  3.79267647
0 -11.238300278667001 -3.04647998  2.92613761
0 -1.0861249076967971 2.07263265 2.29329878
0 -8.288836206424731 4.80673408 1.6364577 
0 -6.013394842110225  0.57707553 -4.29330055
0 -6.435967583494984 4.97093315 3.95422572
0 -3.209668046259951 3.5089371  2.78365603
-4.8559339707894 -4.304951034939885 -1.96837487  1.68474771
-4.8637464707894 -0.4972816837857843 -1.41002387 -1.37904931
-4.8715589707894 -0.25919898006371844 0.29129961 1.26697397
-4.8793714707894 -0.5509156540361712 1.30177343 0.58829705
-4.8871839707894 -1.7490939453510599 1.87132506 3.74068813
-4.8949964707894 -0.5205236824750163 1.44275308 1.41912532
-4.9028089707894 -0.07904496986410887 0.54929977 0.42909312
-4.9106214707894 -1.7230034962502159 -0.33717429  2.26634784
-4.9184339707894 -1.9366471905341394 2.76536341 3.08056807
-4.9262464707894 -0.31342844943350073 0.23727559 1.33153977
-4.9340589707894 -0.15653239275300457 0.66628139 1.09312877
-4.9418714707894 -0.6517969988422405 1.61007233 1.73195383
-4.9496839707894 -0.536408605583826 -1.44105212 -1.17836752
-4.9574964707894 -4.5903516559557085 -2.69168221  0.64242239
-4.9653089707894 -2.468874188518626 -3.06358887 -2.363646  
-4.9731214707894 -1.4672412672702446 -0.66254134 -2.99277825
-4.9809339707894 -2.0061982169828902 1.49503315 3.9012062 
-4.9887464707894 -1.0576624975691755 0.63260496 2.58976131
-4.9965589707894 -1.178071937305454 -0.97269499  0.96796269
-5.0043714707894 -0.5035425777254466  0.87301347 -0.24592254
-5.0121839707894 -0.5624028368198024  0.78352365 -0.49542203
-5.0199964707894 -0.13376501048763603 -0.51593806  0.00258674
-5.0278089707894 -2.7263170458745973 2.24732488 4.66699409
-5.0356214707894 -4.912630413374075 4.43056535 4.57413519
-5.0434339707894 -0.3000476138101626 -0.06972223  1.02358892
-5.0512464707894 -0.8414884190610328 -1.40782151 -2.58425352
-5.0590589707894 -0.47888874092423933 1.24593187 0.64326385
-5.0668714707894 -0.7835027768559586 1.54824619 2.40670111
-5.0746839707894 -2.2426145552678136  1.0465474 -1.7597307
-5.0824964707894 -0.5079041353920953 -0.78353281 -1.9742019 
-5.0903089707894 -1.1310280486605966 -2.12625674 -2.07018133
-5.0981214707894 -0.4301639946530359  0.26555921 -1.01901632
-5.1059339707894 -0.2040175915772498 0.86258523 1.13094523
-5.1137464707894 -2.407454350607508 2.02672636 4.37666203
-5.1215589707894 -4.819065035679103 -2.84114368  0.5061183 
-5.1293714707894 -0.7381567120712276 -0.58692036 -2.20189755
-5.1371839707894 -0.06152147322007254 -0.01129835 -0.50724012
-5.1449964707894 -1.307390007591605 2.22453535 1.69443866
-5.1528089707894 -0.7116814003508604  1.18086204 -0.0242481 
-5.1606214707894 -0.13623547996866314 -0.71875938 -0.88706526
-5.1684339707894 -2.4750876978729144 -2.28173901 -0.11517078
-5.1762464707894 -0.877431107406262 -1.08157453 -2.61125455
-5.1840589707894 -0.11338519585552534  0.07917009 -0.58961454
-5.1918714707894 -1.1386461667538474 1.18651262 2.96042707
-5.1996839707894 -0.3277207968145045 0.93994312 1.59369393
-5.2074964707894 -1.0139966977894939 -1.99028643 -2.29809599
-5.2153089707894 -0.0071173802588611855 -0.15748626 -0.21804696
-5.2231214707894 -0.24648729999387178 -0.88927929 -0.44754232
-5.2309339707894 -0.1625357071619442 0.61033309 1.13724518
-5.2387464707894 -0.7147089415304615 0.54880329 2.14806897
-5.2465589707894 -1.7233007250380603 -2.62486526 -2.68218243
-5.2543714707894 -0.8136175434419759 1.77501052 2.09720275
-5.2621839707894 -0.2630008542615313 0.22479236 1.22552799
-5.2699964707894 -0.886907902550081 1.59151018 0.58417361
-5.2778089707894 -2.3115632297960094 -2.08897057  0.1206572 
-5.2856214707894 -1.114183576909059 -2.08575611 -2.41187844
-5.2934339707894 -0.8111521654345004 -1.62117375 -0.83605952
-5.3012464707894 -0.5751404833223712 1.4361436  0.94823635
-5.3090589707894 -0.3624883149599822  0.51268809 -0.57685502
-5.3168714707894 -2.669444823770866 2.43149888 0.24847518
-5.3246839707894 -1.0920037960284361 -2.08954979 -2.04716032
-5.3324964707894 -0.27979967519398175 1.05470841 1.13710299
-5.3403089707894 -0.1831037520880197 -0.84778512 -0.73084328
-5.3481214707894 -0.06040781974007256 -0.39212042 -0.68855398
-5.3559339707894 -0.35753142370907864 -1.11235231 -1.55144004
-5.3637464707894 -1.748188487862353 -1.3816111  -3.63636269
-5.3715589707894 -0.947835816179314 -0.69088424 -2.51132985
-5.3793714707894 -0.9779635513562599 -1.97772813 -1.95661764
-5.3871839707894 -0.32740401688389126 -0.9002056  -0.19363221
-5.3949964707894 -0.37272631502593634 -1.21391518 -1.08232801
-5.4028089707894 -0.0094789677850467  0.13684119 -0.00168808
-5.4106214707894 -0.39787856003111366 -0.80887268 -1.77698385
-5.4184339707894 -1.1040433760049888 -1.94924801 -1.16400555
-5.4262464707894 -0.9671374816621794 1.226303   2.76407115
-5.4340589707894 -2.054137588553343 2.51301488 1.13413614
-5.4418714707894 -1.9911400126955234 2.82130373 2.89062399
-5.4496839707894 -1.1032296597448226 -1.8122336  -2.87464972
-5.4574964707894 -1.034325905757627 -1.80351108 -2.74407018
-5.4653089707894 -0.12588235464363248 0.50692071 0.0103718 
-5.4731214707894 -0.6553539449863239 1.49589441 2.11534231
-5.4809339707894 -0.0031325063208934257 -0.06778796 -0.15686555
-5.4887464707894 -1.1528294869561497 1.58050977 3.03423148
-5.4965589707894 -0.7048315076676003 -1.43599554 -0.56579853
-5.5043714707894 -3.3319852816268956 -0.75043844 -4.32322213
-5.5121839707894 -0.12195370945280343 0.65881925 0.42693128
-5.5199964707894 -0.7524138427622811  0.5836897  -1.05000602
-5.5278089707894 -0.13049788879946186 0.69148572 0.48210794
-5.5356214707894 -0.05996866256208494  0.313705   -0.06241176
-5.5434339707894 -1.05069134154332 -1.98200424 -2.50585972
-5.5512464707894 -0.1391527598959528 0.46841319 1.04910254
-5.5590589707894 -0.12107670211568568 0.62013686 0.30432507
-5.5668714707894 -0.21019451409237916 -0.184193    0.71405585
-5.5746839707894 -1.3919154141904018 -1.71366519 -0.09162535
-5.5824964707894 -0.9329285751092513 -0.87353466  0.84944285
-5.5903089707894 -0.37983193057216574 -0.91918301 -0.09794595
-5.5981214707894 -2.675360598380885 2.8577378  1.26563947
-5.6059339707894 -1.2187137252809053 1.8211842  0.57292821
-5.6137464707894 -0.7347485033311245 -0.72021565  0.83551037
-5.6215589707894 -0.10337207320006955 0.60653541 0.39298661
-5.6293714707894 -0.531793887577056 -1.45333727 -1.33091864
-5.6371839707894 -0.31274113069058385 -0.171414   0.9338379
-5.6449964707894 -0.47884908466750914 1.20832803 0.53353938
-5.6528089707894 -0.20278459168360552  0.26741527 -0.59260069
-5.6606214707894 -1.3628065527745226 -1.298828  -3.2390012
-5.6684339707894 -0.1921354203418802  0.17921352 -0.6789381 
-5.6762464707894 -0.38119107094597693 1.1004812  1.66057531
-5.6840589707894 -0.05225582437636244 0.1366509  0.57294189
-5.6918714707894 -1.038890842281366 -1.4360361   0.01081001
-5.6996839707894 -1.3425795788122237 2.31345789 2.44847977
-5.7074964707894 -1.0337234782665825 1.93370414 1.30467136
-5.7153089707894 -2.203708147738932 2.6224334  1.23042922
-5.7231214707894 -0.6163231222417109  1.03065381 -0.15384829
-5.7309339707894 -0.6769392404863024 1.64412565 1.57624473
-5.7387464707894 -0.5500898219266749  0.50549346 -0.88908018
-5.7465589707894 -1.7365963797878163 -2.47444211 -1.56696112
-5.7543714707894 -0.07714924899712342 -0.413712   -0.78444017
-5.7621839707894 -0.05219621257242148 -0.45691386 -0.46073162
-5.7699964707894 -3.383384393191237  2.47341715 -0.24976944
-5.7778089707894 -0.12584652116444395 0.541827   0.99987677
-5.7856214707894 -0.12777138769964108 0.50957754 0.00816327
-5.7934339707894 -0.6223049647328879 1.2693452  0.33233793
-5.8012464707894 -0.7962118027414111 -1.47366229 -2.48022409
-5.8090589707894 -0.21697069663472862 0.41865862 1.2508892 
-5.8168714707894 -1.4584681827838324 -2.28647881 -3.0648665 
-5.8246839707894 -0.22311574085804364 -0.93619281 -1.06270758
-5.8324964707894 -0.2531312885668364 -0.89280913 -1.35693951
-5.8403089707894 -2.225221320627764 0.41027656 3.36536682
-5.8481214707894 -0.10973765630863169 -0.64456105 -0.797831  
-5.8559339707894 -1.1391328399443075 1.81135549 0.68196511
-5.8637464707894 -0.37393420279845635 1.16340217 0.78626534
-5.8715589707894 -0.13356701753968797 0.69947085 0.48731853
-5.8793714707894 -1.8054077412779939  0.13457131 -2.54936638
-5.8871839707894 -0.1912851328532803 -0.81634869 -0.50215871
-5.8949964707894 -1.932366563605805  1.63131695 -0.61996518
-5.9028089707894 -3.3834823724480416  1.71414131 -1.54095455
-5.9106214707894 -0.30156831023333447 -0.57127383  0.3667664 
-5.9184339707894 -0.015838478716268575  0.03152019 -0.21820044
-5.9262464707894 -0.26012029944558723 -0.51068639  0.37230886
-5.9340589707894 -2.414116621696331 2.44423575 0.52533552
-5.9418714707894 -0.10418558720990267 -0.17878199 -0.79908784
-5.9496839707894 -0.15697963134960966 0.00400036 0.79640337
-5.9574964707894 -2.437097267792552 -0.17907157 -3.29617318
-5.9653089707894 -0.9568594459813562 -0.20681161 -2.1522336 
-5.9731214707894 -0.45283814861834837 -1.30260934 -1.64107869
-5.9809339707894 -0.4539216288158846 1.26631033 0.80571867
-5.9887464707894 -0.07725856709844425 -0.2509466  -0.74699103
-5.9965589707894 -0.7836678787757885 -1.44489501 -0.42168929
-6.0043714707894 -0.42236385903240997  0.65436876 -0.46868821
-6.0121839707894 -0.11360267590927443 0.49754889 0.04273486
-6.0199964707894 -1.3093632988525237 -0.02048104  2.26797559
-6.0278089707894 -0.6915226227224158 -1.65958038 -1.55056918
-6.0356214707894 -0.8898678013418341 -1.36753018 -0.06778696
-6.0434339707894 -0.291660506927285 -0.7398685   0.04704739
-6.0512464707894 -2.450463865742055 -1.06184285 -4.00706699
-6.0590589707894 -0.34552503541963553 1.16865256 1.29652487
-6.0668714707894 -0.9742229244087182 -1.51813122 -0.25631932
-6.0746839707894 -0.29917346554462443 0.98869569 0.52053472
-6.0824964707894 -0.9357822822750852 -1.90456052 -2.24482271
-6.0903089707894 -0.339339052094209 -0.39861969  0.69612163
-6.0981214707894 -1.8837111408085476 -0.08416267  2.65951391
-6.1059339707894 -0.7268179909538826 -1.70015137 -1.57070138
-6.1137464707894 -2.1800424687214797 -1.32396463 -3.96352663
-6.1215589707894 -0.4390084643434425 1.01241477 0.15740004
-6.1293714707894 -0.30845806156293476 -1.11075887 -1.11761351
-6.1371839707894 -0.6391974612568743 -1.44946831 -0.77431538
-6.1449964707894 -1.262854942390494 0.77149724 2.88247137
-6.1528089707894 -1.5921785934485435 -0.94481053  1.39528507
-6.1606214707894 -2.002197300168913 1.1976954  3.76173809
-6.1684339707894 -0.13954252384452592 -0.43655651  0.16973427
-6.1762464707894 -2.098851799024529 -2.73083322 -1.76235137
-6.1840589707894 -2.3576353478389622 -1.87648367 -4.30739922
-6.1918714707894 -1.9263035241530357 -0.00869087  2.76712226
-6.1996839707894 -0.25462065800137057 -0.7169908  -1.42720684
-6.2074964707894 -0.5987263622605967 -0.55417616  0.89074399
-6.2153089707894 -0.7259007967337243 -1.70236356 -1.77693907
-6.2231214707894 -1.9225063685695103  0.23466353 -2.52847933
-6.2309339707894 -0.07268658395630836 -0.08765874 -0.61969472
-6.2387464707894 -0.8884286576925482 -1.38701024 -2.66369236
-6.2465589707894 -0.31040997499162176 0.40165886 1.44103851
-6.2543714707894 -1.5600396777385361 -2.49802839 -2.49444169
-6.2621839707894 -2.8052426925732954 1.05015658 4.23105927
-6.2699964707894 -0.5713175575759191 -1.4065679  -1.96049657
-6.2778089707894 -0.8290367510195047 -1.65465057 -2.41509682
-6.2856214707894 -0.08270214318253186 0.5375124  0.74218041
-6.2934339707894 -0.18847743167593373 0.68813558 1.21764398
-6.3012464707894 -1.947902167456345 -2.03992274 -0.13458185
-6.3090589707894 -0.5636123956988444 1.01049437 2.12105761
-6.3168714707894 -0.6817652449042237 1.29380078 0.26757442
-6.3246839707894 -0.050243634362325054 0.13038904 0.55931005
-6.3324964707894 -0.19083290826641852 -0.28904543  0.53544494
-6.3403089707894 -2.522266189839727 -3.14817354 -3.57015474
-6.3481214707894 -0.6674328274075971 1.55855002 2.04911414
-6.3559339707894 -0.8318385591195436 1.81367088 1.61885769
-6.3637464707894 -0.7576657497151487 1.59461283 0.89613383
-6.3715589707894 -1.7213212328187737 2.62267027 2.70564981
-6.3793714707894 -0.8210220178286766 1.64617386 0.88841421
-6.3871839707894 -1.4970332304881286 0.04355277 2.49023135
-6.3949964707894 -0.8231627799998928  0.47494495 -1.27636268
-6.4028089707894 -1.2385987414810207 1.98678863 2.99031536
-6.4106214707894 -2.650224523766415 -3.25127398 -3.4248124 
-6.4184339707894 -1.559306719049136  1.75542201 -0.02101275
-6.4262464707894 -0.31865487430224126 -0.3727063   0.69299043
-6.4340589707894 -0.7227502856110868 1.44813288 2.33915045
-6.4418714707894 -2.444447855590931 2.73191732 1.21059579
-6.4496839707894 -4.531489870502091 -1.16528068  2.92960399
-6.4574964707894 -2.4284296635784792 -2.95341729 -1.95790488
-6.4653089707894 -0.47163248480234976 -0.48892596  0.79461654
-6.4731214707894 -0.5909225827974294 -0.24966028 -1.76668371
-6.4809339707894 -0.550888806005952  0.2527943  -1.20996004
-6.4887464707894 -2.745792228163383 2.87109657 1.21581008
-6.4965589707894 -0.050961347621501354  0.08319364 -0.36056779
-6.5043714707894 -0.8616983849188085 -0.20236094 -2.04785372
-6.5121839707894 -0.42659747107408996 -0.6975847  -1.80201463
-6.5199964707894 -1.5480288784179426  1.13476074 -1.07983483
-6.5278089707894 -0.36779609566100274 -0.58543795  0.47684581
-6.5356214707894 -0.8629881592904448 -0.77950532 -2.46601772
-6.5434339707894 -1.2712649106124705 -2.12276909 -1.36190705
-6.5512464707894 -0.668338621184629 0.50529913 2.06029986
-6.5590589707894 -1.5660261907839743 1.83491979 3.53702852
-6.5668714707894 -0.34848820143548676 1.12986549 1.47243924
-6.5746839707894 -1.8827634045409352 -2.74015134 -2.89056494
-6.5824964707894 -0.040350464157619115 -0.20854907  0.13482994
-6.5903089707894 -1.9688699723703993  0.0950051  -2.70971484
-6.5981214707894 -1.0799120553730166  1.23095063 -0.44368627
-6.6059339707894 -0.000134493635352122 0.0066248  0.02885285
-6.6137464707894 -0.9694951478514193 -1.24371823 -2.77052718
-6.6215589707894 -1.088134492113816  0.77435161 -1.16289323
-6.6293714707894 -0.4056758819970149 -0.77094412  0.24313117
-6.6371839707894 -0.21402990805347838 -0.34626334  0.51177007
-6.6449964707894 -1.8859039548892738 2.67118948 2.03215697
-6.6528089707894 -0.4651383808811604 -0.42011633 -1.71782809
-6.6606214707894 -0.4775715998671608 1.30524764 0.85069841
-6.6684339707894 -0.11853346822122579 -0.63262362 -0.90450821
-6.6762464707894 -1.4491587323358646 -1.42314793 -3.36512756
-6.6840589707894 -3.198835831862105  2.49575884 -0.06676553
-6.6918714707894 -0.2896521743325834 -0.44648986 -1.42590576
-6.6996839707894 -0.6273778656821956 -0.64966474 -2.09446479
-6.7074964707894 -1.2907505854404886  1.52208242 -0.16500603
-6.7153089707894 -0.7862453733324892 -1.32423025 -2.50380464
-6.7231214707894 -0.7746696352350892 1.75987805 1.79870822
-6.7309339707894 -0.136216568113112 -0.73796845 -0.75436482
-6.7387464707894 -2.7633702795199846 -0.38870804 -3.69058435
-6.7465589707894 -1.147374105973602 -0.33910354 -2.45440617
-6.7543714707894 -0.27640277698768145 -0.08670909  0.96119006
-6.7621839707894 -0.14080873354834064 -0.27252272 -0.97178398
-6.7699964707894 -0.2861650415584505  0.53982172 -0.38389505
-6.7778089707894 -2.901453552487917 2.60454361 0.40860035
-6.7856214707894 -1.182241924608048 -0.9044114   1.07321539
-6.7934339707894 -1.3142957146344738 1.27280393 3.17993607
-6.8012464707894 -1.614703346960419 -0.2609663  -2.78895166
-6.8090589707894 -0.148535949364639 0.70780581 1.01301841
-6.8168714707894 -1.07153368409094 -2.06956823 -2.12454161
-6.8246839707894 -2.953915910354917 -3.35182061 -2.58961184
-6.8324964707894 -0.6970330771011217 -1.42342295 -2.29634873
-6.8403089707894 -0.007162688095184317 0.125469   0.01185439
-6.8481214707894 -0.7862826550845505 -1.67260863 -2.26210927
-6.8559339707894 -0.9746295217668681 1.93841384 2.31400654
-6.8637464707894 -1.172889472223921 -2.16470526 -2.2395986 
-6.8715589707894 -0.8047067994504818 -1.2670188   0.00321369
-6.8793714707894 -1.7971088891008502 0.75681473 3.32890863
-6.8871839707894 -0.4680398888333084 -1.28204725 -1.76007904
-6.8949964707894 -0.299839557914737 0.58442025 1.51060123
-6.9028089707894 -0.5318751430048684 -0.44649204  0.94208472
-6.9106214707894 -1.1410843392158814 -0.88821959  1.05482012
-6.9184339707894 -0.3240385678673026 0.8496648 0.0918891
-6.9262464707894 -0.6372033781613278 -1.25489613 -2.24183545
-6.9340589707894 -0.5997550969660159 1.19051489 2.18131996
-6.9418714707894 -0.9674492326794584 1.03598951 2.70827019
-6.9496839707894 -1.2812844287014409 -1.62419237 -0.04712647
-6.9574964707894 -0.054865253825944385 -0.34934728 -0.66146504
-6.9653089707894 -0.7808962922668308 -0.83016389  0.73009669
-6.9731214707894 -0.1543124743550672 0.71959514 0.40426557
-6.9809339707894 -0.7639140632062373  0.89216201 -0.61106891
-6.9887464707894 -0.906409450704107 -0.80371592  0.92245861
-6.9965589707894 -0.602102508111015 -0.29995016  1.22269226
-7.0043714707894 -0.7390320464918276  1.09060148 -0.23857743
-7.0121839707894 -0.8293853744565918 1.66673592 2.40126493
-7.0199964707894 -0.06577746623721231 -0.3175605   0.08526105
-7.0278089707894 -0.4600293649252173 0.07060695 1.42527743
-7.0356214707894 -0.6787748367043129 -1.62096713 -1.91688082
-7.0434339707894 -0.5194763307508468 -1.2254678  -1.98450271
-7.0512464707894 -0.4775506251049365 1.34337393 1.01849091
-7.0590589707894 -0.035198019314387055 0.01734563 0.3921672 
-7.0668714707894 -2.3591675280834576 3.01127997 2.403939  
-7.0746839707894 -0.5412783124085427 -1.34114131 -0.73578751
-7.0824964707894 -2.1748624769989124 -2.94493002 -3.10875032
-7.0903089707894 -0.10082621706189285 0.42389698 0.89677775
-7.0981214707894 -1.6376475073872947 -1.6580573   0.29166986
-7.1059339707894 -0.7995061305767013 -1.6381599  -2.35541625
-7.1137464707894 -0.634901335976117  0.40477752 -1.13657269
-7.1215589707894 -0.3927484961950057  0.86528246 -0.04151424
-7.1293714707894 -1.1094252084842933 -1.38421143 -2.97218484
-7.1371839707894 -2.0021237314708844 -1.97773378 -4.00185433
-7.1449964707894 -1.3679820721212201 -0.30685716  2.01214413
-7.1528089707894 -0.7259985033426753 -0.50948051 -2.1356489 
-7.1606214707894 -0.7828609814138626 1.5493589  0.69441393
-7.1684339707894 -0.215861063954013 -0.87916875 -0.57832568
-7.1762464707894 -0.47861406909091775 -1.38363069 -1.37890006
-7.1840589707894 -1.2052639078932674  0.52836333 -1.60280719
-7.1918714707894 -0.10346695871322484  0.31099272 -0.25216921
-7.1996839707894 -3.202078272911834 -3.55951555 -3.18781385
-7.2074964707894 -0.6020281016176525 -0.61008835 -2.03693964
-7.2153089707894 -0.15410933492197448 -0.43107002 -1.08728338
-7.2231214707894 -1.1771423030160124 -2.08345342 -1.47699561
-7.2309339707894 -1.6397115544423624 -0.02035537  2.54058819
-7.2387464707894 -0.9580518258945787 1.87624738 1.31776455
-7.2465589707894 -0.3571414425036034  0.83321387 -0.0237111 
-7.2543714707894 -3.8411589534345927 3.91796359 3.79881204
-7.2621839707894 -1.46191151896317 -1.39696947  0.5768903 
-7.2699964707894 -0.06841874810081447 -0.34862766 -0.73867092
-7.2778089707894 -0.9468218334642842 -1.1720486  0.3815245
-7.2856214707894 -1.1713388503659539 -1.88675401 -0.82585122
-7.2934339707894 -0.018006654045173758 0.26719698 0.29234434
-7.3012464707894 -1.2440138827696159 -1.94811502 -3.03480881
-7.3090589707894 -0.5871266003339931 0.8862576  2.13647913
-7.3168714707894 -1.250794691971301 1.86908103 0.64037647
-7.3246839707894 -2.1795646578251877 -2.73375423 -1.61802736
-7.3324964707894 -1.1421539939330367 -0.04100419 -2.17804294
-7.3403089707894 -0.22436355971841468 -0.71333968 -0.08996119
-7.3481214707894 -0.8593662576224923 -1.7984132  -1.34766385
-7.3559339707894 -1.1508986255769182  0.52745086 -1.55230636
-7.3637464707894 -1.7019387190887252 -2.07970559 -0.50408522
-7.3715589707894 -0.991774491442245 -1.76393354 -2.68893972
-7.3793714707894 -0.5762386806182536  0.71238639 -0.62830759
-7.3871839707894 -1.3489755325003432 -2.28161295 -1.84555736
-7.3949964707894 -2.7761984122979566 -0.13098152  3.19882891
-7.4028089707894 -0.14701290190049157 0.71604419 0.44157686
-7.4106214707894 -1.735361378770367 0.47785466 3.06881982
-7.4184339707894 -0.899374659505329  1.13013332 -0.39311889
-7.4262464707894 -1.4874848948722292 0.5176837  2.90136639
-7.4340589707894 -1.3627674642787484 -0.22368334 -2.54769616
-7.4418714707894 -1.3470010247771218 1.89091801 3.23718439
-7.4496839707894 -0.3678093334474928 0.64985899 1.67402725
-7.4574964707894 -0.09408325357963065 -0.5814333  -0.77705623
-7.4653089707894 -0.41578705321137377 1.24150808 1.59051511
-7.4731214707894 -0.1067224310959653 -0.43287279 -0.92227127
-7.4809339707894 -1.0448867268703892 -1.3443482   0.19587089
-7.4887464707894 -0.2615280378487418 -0.24005786  0.75416766
-7.4965589707894 -2.921360972822761 -2.68531245 -0.57000138
-7.5043714707894 -0.37882078535196195 -1.10089418 -1.65163472
-7.5121839707894 -0.3993008065965964 -1.24098217 -1.00188702
-7.5199964707894 -2.458734952702348 -1.21021182  1.68293995
-7.5278089707894 -0.7569086166642037 1.56568006 0.80654871
-7.5356214707894 -1.4207372743856657 2.30335895 2.91775836
-7.5434339707894 -0.4941964955468815  0.91084243 -0.16020942
-7.5512464707894 -0.9070234587262369 1.89714329 2.06726438
-7.5590589707894 -0.007890850166648193 -0.01953815 -0.19612145
-7.5668714707894 -0.4922132098723482 1.08550593 1.97462331
-7.5746839707894 -3.8711810734387386 0.48422178 4.38937908
-7.5824964707894 -0.6665688934196563 1.62584076 1.47445578
-7.5903089707894 -0.07398444750578034 0.52863671 0.40025829
-7.5981214707894 -1.0077553034865485 -1.00657728 -2.74376564
-7.6059339707894 -0.08944638553617826 0.58406753 0.45503011
-7.6137464707894 -0.7869446810324463 1.45718682 2.46930603
-7.6215589707894 -1.7801520805849989 -0.44403875 -3.0752814 
-7.6293714707894 -1.7781251030765004 1.33056258 3.6418617 
-7.6371839707894 -0.3058732241869988 -0.02579419  1.08002115
-7.6449964707894 -1.2656738251338209 0.1506071  2.39560439
-7.6528089707894 -0.6333923235597958 1.35275929 2.19157488
-7.6606214707894 -0.15522514089898756 0.24836605 0.99617276
-7.6684339707894 -2.730992441214248 1.25413981 4.31209715
-7.6762464707894 -0.5826763532982009 -0.64975049 -2.03124595
-7.6840589707894 -0.4468111453235847 -0.74622314  0.36300885
-7.6918714707894 -0.11085499122591813 0.6095333  0.87765477
-7.6996839707894 -0.12369069411866526 -0.67985815 -0.49942624
-7.7074964707894 -0.157146440436013  0.23292358 -0.52492361
-7.7153089707894 -0.3041178193205992 -0.96349242 -0.426693  
-7.7231214707894 -0.32249804271125915 1.07545357 0.71022516
-7.7309339707894 -2.6187745244584892 -0.13538341  3.09830944
-7.7387464707894 -2.655666787929367 -0.13809138 -3.394408  
-7.7465589707894 -0.1415137284903849 -0.70676509 -0.96471473
-7.7543714707894 -0.21834567525864404 -0.71168789 -0.10597917
-7.7621839707894 -0.5036343685990909 -1.1993562  -0.44035543
-7.7699964707894 -0.0412503590144411 0.29721264 0.57409905
-7.7778089707894 -0.36517587583412436 -1.03951902 -1.65604453
-7.7856214707894 -0.25146536533939073 0.49759139 1.3683751 
-7.7934339707894 -0.7627972994378716 -1.49127846 -0.58173036
-7.8012464707894 -0.35964019827214644 -0.90649833 -0.12111845
-7.8090589707894 -1.7779318397319512 -0.18959637  2.47043757
-7.8168714707894 -0.04707988857849077  0.29183718 -0.02933351
-7.8246839707894 -1.6290357969193092 -2.47730177 -1.86157524
-7.8324964707894 -1.0436307844075623 -1.86389941 -1.0269991 
-7.8403089707894 -0.22952035185182146 -0.70574168 -1.35382353
-7.8481214707894 -0.6543176374130735 -1.54951265 -2.01457297
-7.8559339707894 -0.21169362754744236 -0.88706174 -1.13179829
-7.8637464707894 -1.5221234485877364 -1.95144739 -3.46152914
-7.8715589707894 -2.572730976864999 -0.17564426  3.02749061
-7.8793714707894 -0.5971053123015404 0.32937217 1.83931761
-7.8871839707894 -0.15469837325622215 -0.44466727  0.20422757
-7.8949964707894 -1.0089586396280747 -1.98308019 -2.30437059
-7.9028089707894 -1.8425511506407153 -1.77849057  0.27264957
-7.9106214707894 -0.4464599060618107 0.19538843 1.51738048
-7.9184339707894 -0.35843448547802326 1.14811354 1.48807418
-7.9262464707894 -0.039976736561482075 -0.39147167 -0.30988198
-7.9340589707894 -0.4515365643897309 -1.26774102 -1.71381161
-7.9418714707894 -0.4720637398435008 -0.92546268 -1.94122534
-7.9496839707894 -1.0246676435732671  0.34279902 -1.65248527
-7.9574964707894 -0.44992153130472085 -0.5456033   0.67995908
-7.9653089707894 -0.16080985539716353 0.14141008 0.93086724
-7.9731214707894 -1.9016141765187609 1.12747494 3.64446858
-7.9809339707894 -1.897107665482914 -0.37456075 -3.10368788
-7.9887464707894 -1.0753696278456975 1.8770662  0.99496588
-7.9965589707894 -0.5157808575470082 -1.23932132 -1.96541091
-8.004371470789401 -0.45687940671550575 -1.34622106 -1.46953561
-8.012183970789401 -0.02638960179093816 0.17223809 0.44772393
-8.019996470789401 -0.07324909737016545  0.25302904 -0.22548187
-8.027808970789401 -0.10466902807727196 -0.47136087 -0.02808327
-8.035621470789401 -1.7103457657342314 -2.5758612  -2.12163423
-8.043433970789401 -1.0186392579961656 -1.42302132 -2.85465233
-8.051246470789401 -0.2155159506457345 -0.61614453  0.07842708
-8.059058970789401 -0.5094153870780382  0.71406961 -0.52195876
-8.066871470789401 -1.9174080174099313 -2.72323819 -2.21964525
-8.074683970789401 -1.0672740488255854  1.02385141 -0.77081415
-8.082496470789401 -0.06944521929757702 0.52582331 0.48989673
-8.090308970789401 -0.3913187325894588  0.86810013 -0.0328311 
-8.098121470789401 -0.14940075128286223 0.71746055 0.42961793
-8.105933970789401 -1.773358054289612 2.61748061 3.10964673
-8.113746470789401 -1.0588861794062465 -1.53811712 -0.17073258
-8.121558970789401 -0.0098878233885178 -0.18811548 -0.12358751
-8.129371470789401 -1.1299848687788214 0.87156236 2.81071644
-8.137183970789401 -2.630970833548723 3.14527552 3.93970943
-8.144996470789401 -0.24244399273418943 0.05521665 1.03843946
-8.152808970789401 -0.24679171032862163 0.15448947 1.13596786
-8.160621470789401 -0.3593135030629311 -0.21673866  0.962362  
-8.168433970789401 -0.41617019903012 0.90629397 1.8246142 
-8.176246470789401 -0.207824489820506 0.55577635 1.27855613
-8.184058970789401 -2.1432625285065203 -1.90361105 -4.12831667
-8.191871470789401 -1.3587999353376923 2.07572348 1.01432261
-8.199683970789401 -0.04210443340768802 0.30963026 0.57897546
-8.207496470789401 -0.341136820996068  0.42007188 -0.66992212
-8.215308970789401 -0.17049391879900366 0.73643581 0.36275417
-8.223121470789401 -0.7235616856564324 1.23285943 2.40516671
-8.230933970789401 -0.23235546419025194 -0.11483734  0.84236392
-8.238746470789401 -0.21908206183903584 -0.38085622  0.47429101
-8.246558970789401 -0.8443597099624732 0.55016904 2.30366636
-8.254371470789401 -0.07596681943293868 -0.41872557 -0.77724499
-8.262183970789401 -1.6358890934236177 -0.53481083 -3.03631712
-8.269996470789401 -1.257275602185377 0.28271391 2.5073881 
-8.277808970789401 -1.9118703825453562 -0.12323772  2.63942295
-8.285621470789401 -0.5473789817193438  0.09221176 -1.38461353
-8.293433970789401 -0.14610906126195905 -0.46699943 -1.07226613
-8.301246470789401 -0.39355221324622713 1.1560166  1.64369937
-8.309058970789401 -1.1044956660663534 -0.2717378   1.81252255
-8.316871470789401 -0.27001403013311503  0.36977356 -0.60147494
-8.324683970789401 -0.3438815426702162  0.53909623 -0.50248979
-8.332496470789401 -2.01625572690683 -1.65522527 -3.96287607
-8.340308970789401 -0.10377452572620557 -0.63927625 -0.55912648
-8.348121470789401 -1.2297068862773883 -0.96529563 -2.96205097
-8.355933970789401 -0.19282403651595065 0.87357556 0.78323244
-8.363746470789401 -1.8364525530703535 2.54394956 3.47889922
-8.371558970789401 -1.9646468302391942 -1.87023139  0.21802671
-8.379371470789401 -0.40596176093159364 1.13394276 0.55254715
-8.387183970789401 -0.09125049804122365 0.47902012 0.11086022
-8.394996470789401 -1.4797867662835458 -1.54731503  0.33017353
-8.402808970789401 -0.7500534501498465 -1.14955234  0.1461109 
-8.410621470789401 -0.13325449895637598 -0.71794562 -0.85050534
-8.418433970789401 -0.24794421505882785 -0.10305463  0.88747886
-8.426246470789401 -0.46333288166591935 -0.56649566  0.67141152
-8.434058970789401 -0.16475337385968641 -0.27261088  0.49204382
-8.441871470789401 -2.481996719776739 -2.47075852 -4.42609461
-8.449683970789401 -1.738067319422662 -0.6116359  1.9531586
-8.457496470789401 -1.5786860516009347 -2.36710049 -1.52354877
-8.465308970789401 -0.3233820767659937 0.08408321 1.21830467
-8.473121470789401 -0.2261696863194324 -0.9371382  -0.77450137
-8.480933970789401 -0.09730798585495555 -0.11158288 -0.72540794
-8.488746470789401 -0.023100402939721064 -0.26792646 -0.41151276
-8.496558970789401 -0.02665960898157295  0.01020616 -0.31618972
-8.504371470789401 -0.2687711844686691 -1.01139735 -1.23978329
-8.512183970789401 -0.8505936590522087 1.66654156 0.87596337
-8.519996470789401 -0.6119902318615217 -1.48274053 -0.98329938
-8.527808970789401 -0.5900401460684122 -0.95812316  0.24277675
-8.535621470789401 -0.006241822258433748 -0.12500057 -0.22165535
-8.543433970789401 -0.15873388175690398 0.26672754 1.01758835
-8.551246470789401 -0.7670534930048968  0.25475418 -1.47825311
-8.559058970789401 -0.6665630184457454 -1.61863156 -1.40349454
-8.566871470789401 -0.02447737165234177 -0.03724427 -0.34792473
-8.574683970789401 -1.877798013511543 -2.35825717 -0.96189933
-8.582496470789401 -1.116874306759017 2.09856427 2.35060637
-8.590308970789401 -2.3170440010420466 1.05915104 3.91333658
-8.598121470789401 -1.4645323062387559 -2.40698185 -2.66108343
-8.605933970789401 -0.049630248005317915 0.43465284 0.33668396
-8.613746470789401 -0.8791175764650379 -1.59999469 -2.57799637
-8.621558970789401 -0.7473790096974945 -0.66605394 -2.26163791
-8.629371470789401 -0.0003465799139615365 0.02938021 0.00650834
-8.637183970789401 -0.21429692240694287 -0.92550932 -0.90060588
-8.644996470789401 -0.8798777016629071 -1.7382372  -1.03251612
-8.652808970789401 -1.2406365862492983  0.62420796 -1.51422856
-8.660621470789401 -0.2576908754678036 -0.60064282 -1.41917303
-8.668433970789401 -0.4342763473061777 1.20658151 1.73692711
-8.676246470789401 -1.8476881366849458 -1.78116279  0.27266575
-8.684058970789401 -1.1936852633065116 -2.18264517 -2.2865736 
-8.691871470789401 -0.10288854943764955 0.5597107  0.87320413
-8.699683970789401 -0.17875519791259792 -0.80232064 -1.0693457 
-8.707496470789401 -1.413482712515587 -2.33232902 -2.79511643
-8.715308970789401 -1.510474039940417 -2.43754468 -2.12088703
-8.723121470789401 -1.0513949736895318 -1.77512367 -0.74822744
-8.730933970789401 -0.357907706795148 0.42950725 1.5462679 
-8.738746470789401 -1.536156701208066 1.51488057 3.47696203
-8.746558970789401 -1.2291275804933823 1.71436497 3.12058795
-8.754371470789401 -2.457777832372373 -0.73399717 -3.78233433
-8.762183970789401 -0.1488595415263199  0.44595495 -0.18377701
-8.769996470789401 -0.2450771863944914 -0.86067219 -1.35011281
-8.777808970789401 -0.3282610668126558 0.83846199 0.05742052
-8.785621470789401 -1.000949146106859 0.60335857 2.51117277
-8.793433970789401 -0.05582859979709773 0.46217129 0.36362132
-8.801246470789401 -0.07979823254364304 0.56272648 0.51240909
-8.809058970789401 -0.9285065063000162 -1.74353743 -2.56457535
-8.816871470789401 -1.9503301152478607 -2.13265152 -0.32901133
-8.824683970789401 -0.06447540294159501 -0.43371464 -0.69789871
-8.832496470789401 -0.2219035157739706 -0.87282503 -0.51815543
-8.840308970789401 -1.1946760155296547 -0.66167073  1.42181094
-8.848121470789401 -0.5640759886206927 0.14751305 1.64235212
-8.855933970789401 -0.4682004285157928 -1.26169577 -1.79171983
-8.863746470789401 -0.25549443765475266 0.19559422 1.18742114
-8.871558970789401 -0.9446826740981931 -1.69687734 -2.64521166
-8.879371470789401 -0.2442346100428119 0.33140244 1.26259032
-8.887183970789401 -1.726450138735637 2.39427694 3.47743828
-8.894996470789401 -0.09084021123052478 0.04589487 0.64693939
-8.902808970789401 -0.7012406722102078 1.58638254 2.12336776
-8.910621470789401 -0.9123826136928941 0.98765994 2.62291475
-8.918433970789401 -1.8520983542199483 -2.41482922 -3.67061314
-8.926246470789401 -0.08063755100375415 -0.14646895  0.40225416
-8.934058970789401 -0.28511904362517504  0.44956714 -0.51912557
-8.941871470789401 -1.9904510283522527 -2.80998129 -2.55344812
-8.949683970789401 -0.6252809773637538 -0.68025095 -2.1079703 
-8.957496470789401 -0.4804241819085973 -0.42982739 -1.74775953
-8.965308970789401 -0.4532925554021857 -1.13744419 -0.41675636
-8.973121470789401 -1.681480213394297 -2.58639513 -2.39539484
-8.980933970789401 -0.9559663113772245 -1.46087742 -2.76076296
-8.988746470789401 -1.4059797905542946 -0.11463583  2.25407221
-8.996558970789401 -0.542225697483961 -0.94541748 -2.07461568
-9.004371470789401 -0.7741837648962595  0.56902358 -1.0961933 
-9.012183970789401 -1.4541859328717441 -0.6522486  -2.97416925
-9.019996470789401 -0.880569114070211  0.11886487 -1.7541401 
-9.027808970789401 -1.4649509024759333 -0.23138416  2.1782351 
-9.035621470789401 -3.406585938183819 -2.26229274  0.6546192 
-9.043433970789401 -0.07411251007901232 -0.54384306 -0.57001116
-9.051246470789401 -0.19232458404252717 -0.48397078 -1.215456  
-9.059058970789401 -1.4661332776249236 -2.38412474 -2.80895687
-9.066871470789401 -0.37528722637413514 -0.65846735 -1.69169998
-9.074683970789401 -1.0004460833180384 1.98333779 1.72227164
-9.082496470789401 -2.130600488971842 -2.83766832 -3.52326329
-9.090308970789401 -0.006166515967284752 0.05009026 0.19894263
-9.098121470789401 -0.17216418717999604 0.15649933 0.97146234
-9.105933970789401 -0.7294830152220674 -0.69090657 -2.25314221
-9.113746470789401 -0.8856000548560188 1.68681608 0.85191985
-9.121558970789401 -0.8712988249714315 -0.49410499  1.3061882 
-9.129371470789401 -2.5804699002193856 -1.08344877 -4.10801789
-9.137183970789401 -0.6165785174392844 0.56646749 2.03119567
-9.144996470789401 -0.4042613382466781  0.12268097 -1.14301834
-9.152808970789401 -2.169683209244311 2.17059744 4.1623905 
-9.160621470789401 -0.7998406188082892 -1.78775427 -1.84517507
-9.168433970789401 -0.21764430319241368 0.93223416 0.89328942
-9.176246470789401 -0.1388884389387726  0.01958214 -0.72551537
-9.184058970789401 -0.4683665896473544 -0.49056195  0.78725468
-9.191871470789401 -0.04412003889742149 -0.26156523  0.06716533
-9.199683970789401 -0.3416640945118614 -0.9960406  -0.38402793
-9.207496470789401 -0.3764695245562545 0.15799695 1.37492548
-9.215308970789401 -0.21446382981081336 0.8505403  1.21719616
-9.223121470789401 -0.4410775475432812 1.23967062 0.76267278
-9.230933970789401 -0.060702862998783566 0.07592637 0.56280073
-9.238746470789401 -0.6029534719707168 1.54079008 1.34641974
-9.246558970789401 -0.5940889846250457 1.52882681 1.33122993
-9.254371470789401 -2.0314472937634442 2.77692786 2.13314154
-9.262183970789401 -0.5341637523776779 -0.43170821 -1.82823355
-9.269996470789401 -1.2583930691433343 -1.16187605 -3.08115099
-9.277808970789401 -1.106577269610042 1.5347236 2.9737971
-9.285621470789401 -1.3722321843452625 2.29744177 1.83843194
-9.293433970789401 -0.4169285301272883 -0.04532996  1.24527428
-9.301246470789401 -0.18360589169675967 -0.62118436 -1.21156861
-9.309058970789401 -0.31786067634609083 0.80109054 0.00755626
-9.316871470789401 -1.2060772621086406 2.17612584 1.8781571 
-9.324683970789401 -0.6684530748648324 -1.21362286 -0.11775249
-9.332496470789401 -1.0591553231780764 1.53734352 0.16869595
-9.340308970789401 -1.2045235897158504 1.13577136 3.01409981
-9.348121470789401 -1.231851555499777 -2.03175466 -2.92583476
-9.355933970789401 -0.5175107428827272 -0.5672691  -1.88948268
-9.363746470789401 -1.5229272110382612 -1.67372976 -3.48765852
-9.371558970789401 -0.8147240337401438 -1.11589366 -2.5349347 
-9.379371470789401 -0.047775635161735185 0.12958628 0.54709069
-9.387183970789401 -0.06073694371165374 -0.46158795 -0.28871707
-9.394996470789401 -1.1147117488679124 1.61012378 2.97626741
-9.402808970789401 -0.9917314048516386 -1.18058258  0.42352166
-9.410621470789401 -0.7168486085091694 -1.10238143  0.1829783 
-9.418433970789401 -0.1438126011199668 -0.65586243 -0.27494922
-9.426246470789401 -0.5710821775384483 1.47216001 1.81432022
-9.434058970789401 -2.0676922479980524 -2.71840833 -3.65703773
-9.441871470789401 -0.293346968860388  0.73763666 -0.05563507
-9.449683970789401 -2.2377845360504853 2.67110995 4.01881533
-9.457496470789401 -0.08959429281098845 -0.54440873 -0.29541814
-9.465308970789401 -0.656087216844121 -1.01982429 -2.27851698
-9.473121470789401 -0.4299022484983442 1.1472843  0.51218767
-9.480933970789401 -0.3204204471473028 -0.2462495   0.85875863
-9.488746470789401 -0.33694185552413514 0.91469325 0.19977809
-9.496558970789401 -0.7594349142566755 1.51435329 0.65152435
-9.504371470789401 -2.6784837356906874 -1.35750509 -4.33594678
-9.512183970789401 -0.10946577436324403 0.34612082 0.91009199
-9.519996470789401 -0.5939755193649355 -0.13989669  1.39513784
-9.527808970789401 -0.3954844036766161 -1.17661663 -0.73219462
-9.535621470789401 -0.8594100549244071  1.12983342 -0.34024028
-9.543433970789401 -0.0760760657729965 0.43698913 0.10032199
-9.551246470789401 -2.1278506953631666 -2.71739276 -3.7790798 
-9.559058970789401 -0.4335934446106444 -1.23372064 -1.69448865
-9.566871470789401 -1.2195182113703416 1.63130849 0.14238087
-9.574683970789401 -2.328791614523011 2.53408041 4.23513977
-9.582496470789401 -0.3837429966760786 -0.81335899 -1.74792795
-9.590308970789401 -0.24827230001140832 0.97467272 0.76706182
-9.598121470789401 -0.2723870584537116 0.78234491 0.09134224
-9.605933970789401 -0.11121421604374725  0.22299557 -0.40559797
-9.613746470789401 -0.15850688662949788 -0.68939567 -0.29094722
-9.621558970789401 -0.8224205210647311 1.70005431 2.3321124 
-9.629371470789401 -0.18949535700443382 0.5558459  1.22593303
-9.637183970789401 -0.05508734290358628  0.12576115 -0.32649266
-9.644996470789401 -2.166312582841752 -1.87321722  0.39753322
-9.652808970789401 -1.4580233005762093 -0.02817871 -2.44298701
-9.660621470789401 -0.1904287947816481 0.81103358 0.48863677
-9.668433970789401 -0.6806480621919417 0.96534668 2.30351634
-9.676246470789401 -0.5447664702213171 -1.07465224 -2.0866742 
-9.684058970789401 -1.4660357795384864 -0.69527688 -3.01491763
-9.691871470789401 -0.8998629076263467 -1.86955811 -2.19236471
-9.699683970789401 -0.8619132351998682  0.82714556 -0.8352272 
-9.707496470789401 -0.9306332872425771 -1.89496431 -2.2577913 
-9.715308970789401 -1.3547130161198253 -1.70303623 -0.11605177
-9.723121470789401 -2.2467727282403427 -2.87946992 -3.71358257
-9.730933970789401 -0.22795889600668112  0.02236946 -0.93226931
-9.738746470789401 -2.331000103023828 3.0262721  3.43330722
-9.746558970789401 -2.3314246221970305  1.26037515 -1.52119868
-9.754371470789401 -0.3151397208982981 -0.79682376 -1.58779201
-9.762183970789401 -0.03370108631024692 -0.2401989   0.03748588
-9.769996470789401 -0.7394547518386365 -1.64540908 -2.14585686
-9.777808970789401 -0.33236059878810814 -0.38789578 -1.47370389
-9.785621470789401 -0.14870255065284005 -0.17525651 -0.92631933
-9.793433970789401 -0.22585792412272088 -0.94833473 -1.01231081
-9.801246470789401 -0.3456511865635786 1.1230929  0.77485864
-9.809058970789401 -0.11402651520684831 -0.67057895 -0.75076582
-9.816871470789401 -0.10387036624111712 -0.55008623 -0.88607225
-9.824683970789401 -0.02965714683944379 0.0431423  0.38485465
-9.832496470789401 -0.6156929346328583 -1.13787929 -2.21862091
-9.840308970789401 -2.785400608328829 -2.37223257 -0.02401727
-9.848121470789401 -1.8390717596939306 2.64819179 3.23416729
-9.855933970789401 -1.4554450116336168  1.57710286 -0.24896577
-9.863746470789401 -1.4611350316227336 0.64848694 2.97743624
-9.871558970789401 -0.15944584809014473 -0.43160612 -1.10354328
-9.879371470789401 -0.07173401620439687 0.45197821 0.7394704 
-9.887183970789401 -1.0957424784331593 2.09305595 2.13873658
-9.894996470789401 -0.6681872460834126 -1.63378015 -1.69303737
-9.902808970789401 -1.6725773178683505  1.52452119 -0.56501091
-9.910621470789401 -1.9613605775213174 0.2908433  3.07667397
-9.918433970789401 -0.8614353930771413 1.53130395 0.48209007
-9.926246470789401 -0.2579828103466576  0.50778262 -0.37204011
-9.934058970789401 -2.6845283410110756 -3.15732681 -4.03448174
-9.941871470789401 -0.6165633227663936 -0.66723123 -2.08886964
-9.949683970789401 -1.021296859586446 -1.35774968  0.13948219
-9.957496470789401 -2.3662872976919633 2.70045593 1.2264522 
-9.965308970789401 -1.172412499839535 1.74129205 3.02875156
-9.973121470789401 -1.0645631113714975  0.37826654 -1.65032087
-9.980933970789401 -0.1733975213734959 -0.51205857 -1.16885847
-9.988746470789401 -1.6117386923470076 1.79066263 3.59079655
-9.996558970789401 -3.124541351319068 3.48914444 4.05838646
-10.004371470789401 -0.15322497622731662 0.7379427  0.47652258
-10.012183970789401 -0.3611094590219691 0.65252072 1.6618049 
-10.019996470789401 -0.1071952583559538 -0.56582994 -0.23625823
-10.027808970789401 -0.8635958082504813  1.19003315 -0.23762379
-10.035621470789401 -0.4705597462941936 1.3508418  1.11112232
-10.043433970789401 -0.601212164034433 -1.43596571 -2.02150062
-10.051246470789401 -1.8857566637079182 -2.50759145 -1.38731837
-10.059058970789401 -2.0110502903057084 -2.78391481 -2.24167917
-10.066871470789401 -0.6437633346498558 0.01115647 1.61581496
-10.074683970789401 -0.379600064518011 -1.18049817 -1.53380303
-10.082496470789401 -0.3668066792155633  0.72247924 -0.24976067
-10.090308970789401 -0.7996048556565141 -0.84368841 -2.42058704
-10.098121470789401 -0.9381804671056198 1.83096663 1.19828734
-10.105933970789401 -0.5541652131085983 -1.34260187 -1.98609319
-10.113746470789401 -1.3588079775426458  1.03861421 -1.04861181
-10.121558970789401 -2.7852571361864538 -1.01907046 -4.19751724
-10.129371470789401 -0.07066940325668086 -0.51986701 -0.40844032
-10.137183970789401 -0.9918152099550746 -1.88354551 -1.23584407
-10.144996470789401 -0.13520303148655946 -0.21043805  0.49420934
-10.152808970789401 -0.6677111113151044 1.39148222 0.53438147
-10.160621470789401 -0.1833289333666513 0.82791512 1.0467125 
-10.168433970789401 -1.7262152963954418 -1.31147479  0.96556167
-10.176246470789401 -0.7006617893099574 -0.33962302  1.29967664
-10.184058970789401 -2.8429729504432752 -0.25138153  3.11145941
-10.191871470789401 -1.6170629874219493 2.54074557 2.6541646 
-10.199683970789401 -1.841185344355316  0.3512466  -2.33973225
-10.207496470789401 -0.6785998921413262 1.59090183 1.16261347
-10.215308970789401 -0.02593962967838972 0.29626762 0.16983972
-10.223121470789401 -1.3233491354988378 -2.3000266  -2.35724703
-10.230933970789401 -0.8176413402669778  0.25828768 -1.53164328
-10.238746470789401 -1.3396523217397003 2.31486676 2.31595068
-10.246558970789401 -2.040531832067507 -0.84075867 -3.57118944
-10.254371470789401 -0.7696422907536045 0.40484217 2.11208322
-10.262183970789401 -0.39121734651546636 1.22470794 0.96983573
-10.269996470789401 -0.32471500866373637 -0.92855968 -0.26777457
-10.277808970789401 -0.9479739309813278 -1.03598471 -2.68481199
-10.285621470789401 -0.0641549362797545 0.46477204 0.66628308
-10.293433970789401 -1.2100489916930823 1.75671394 0.43226987
-10.301246470789401 -0.91570866004171 0.32151723 2.2081707 
-10.309058970789401 -2.623435618537723  1.61957033 -1.18591259
-10.316871470789401 -3.901980054708323 -3.35884988 -1.27893457
-10.324683970789401 -1.908328189377312 -1.95942771 -3.90723566
-10.332496470789401 -0.8281125007469792 0.88004233 2.47314481
-10.340308970789401 -0.7023917965953418 -0.99283181  0.35766891
-10.348121470789401 -0.4955148251737486 0.15539381 1.55464792
-10.355933970789401 -1.5053370936178692 -0.49956023 -2.9020148 
-10.363746470789401 -0.7986528055378941 -1.52009297 -2.46026774
-10.371558970789401 -2.0640181440017216 2.85423721 2.52347672
-10.379371470789401 -0.720689921616685 1.61087705 1.07437467
-10.387183970789401 -0.14048839187588802 0.5775343  1.05545448
-10.394996470789401 -0.668810985609446 -1.61473484 -1.35420586
-10.402808970789401 -2.090564619575497  0.20698799 -2.67735153
-10.410621470789401 -1.7925598104573233 -2.64030663 -3.08642337
-10.418433970789401 -1.0237957923220602 0.30181361 2.30283627
-10.426246470789401 -0.5228528704464772 -1.37319185 -0.91958889
-10.434058970789401 -0.43292001802691654 9.30926668e-01 8.43009716e-04
-10.441871470789401 -0.9312064337540464 -1.79602403 -1.08953737
-10.449683970789401 -0.25455060572786287 -0.56527881 -1.40113902
-10.457496470789401 -0.7607899589520315 -1.22941125  0.00821059
-10.465308970789401 -1.453440247267011 -1.84221255 -0.28657315
-10.473121470789401 -1.1750301740084645 1.68700082 0.32532944
-10.480933970789401 -2.941771301315412 -3.24919569 -2.14928088
-10.488746470789401 -0.4767329483039152 -0.13127966 -1.50594233
-10.496558970789401 -1.0803759747206574 1.8462209  0.89072506
-10.504371470789401 -0.7368462770748767 1.44084202 2.37430835
-10.512183970789401 -0.15507103160084681 -0.25063176  0.49600594
-10.519996470789401 -0.06163679591521784  0.01816398 -0.47803885
-10.527808970789401 -1.043357334117105  1.3502924  -0.18272417
-10.535621470789401 -0.22173773825208976 -0.20192733  0.71795109
-10.543433970789401 -4.236824921373425 3.80541496 2.23502753
-10.551246470789401 -1.9365989498613043 2.6075912  3.58066053
-10.559058970789401 -0.15218376938960632  0.27493487 -0.45523353
-10.566871470789401 -0.10619831430623966 -0.6473387  -0.57153718
-10.574683970789401 -1.5200478860954132 -0.69894697  1.66572312
-10.582496470789401 -1.5668952408304127  0.8633864  -1.48653805
-10.590308970789401 -0.04336708494878819 0.40257699 0.50934826
-10.598121470789401 -2.196758634373962 -1.79394796 -4.15377534
-10.605933970789401 -0.17008669810088883 0.60301703 1.16579341
-10.613746470789401 -2.511126967015157 2.82758797 4.25910959
-10.621558970789401 -1.5797259024712402 0.55967375 3.01032038
-10.629371470789401 -0.9423552486196574  1.29541028 -0.15073397
-10.637183970789401 -0.13174164717225695 -0.66435296 -0.9569307 
-10.644996470789401 -0.7302376819300016 1.07614939 2.40387422
-10.652808970789401 -1.324447763955643  0.73498144 -1.44620937
-10.660621470789401 -0.7993526768935746 -1.01542503  0.45641827
-10.668433970789401 -0.17955129782333343  0.29629141 -0.49769637
-10.676246470789401 -0.7843506410992785  1.23027698 -0.04401542
-10.684058970789401 -0.8270435058266883 1.44488176 2.54963998
-10.691871470789401 -0.2801645793924581 0.71861053 1.49595037
-10.699683970789401 -1.546230205957683 0.63005581 3.03587178
-10.707496470789401 -1.0569166459400625 1.62879709 2.88366227
-10.715308970789401 -4.184084329966667 3.80301149 2.29521808
-10.723121470789401 -0.9781929848591282  0.01857011 -1.9594155 
-10.730933970789401 -0.6421991036100652 1.6022402  1.56195685
-10.738746470789401 -0.39568023268471664 -0.76837529 -1.76452806
-10.746558970789401 -0.6386195940701531 -1.52804073 -1.99662359
-10.754371470789401 -0.3571956517277508  0.3273443  -0.82227665
-10.762183970789401 -0.5680797280933371 1.46068878 1.08825464
-10.769996470789401 -0.9805208693362251 -1.1885781   0.39551962
-10.777808970789401 -1.3182544734707742 -0.47016012 -2.71781831
-10.785621470789401 -0.28793925633299233 -1.0693631  -0.97870121
-10.793433970789401 -0.7610559982725632  0.97325674 -0.47484385
-10.801246470789401 -0.30102528434686004  0.25513684 -0.81210555
-10.809058970789401 -0.08017874008494028 -0.49944976 -0.2324949 
-10.816871470789401 -1.4723834727442773 -0.09371739  2.33130858
-10.824683970789401 -0.9459235540329247 1.94223994 1.83547749
-10.832496470789401 -2.0780897675139958 2.65949293 1.54618416
-10.840308970789401 -0.7856630409010426 1.43568367 2.47561856
-10.848121470789401 -1.2026737996645314 -0.47854433 -2.61903271
-10.855933970789401 -0.08811657668405912  0.00633056 -0.58732442
-10.863746470789401 -0.06069346305646188 0.46802959 0.3140096 
-10.871558970789401 -2.7202198743540276 -3.18976366 -2.34935467
-10.879371470789401 -0.1131791681880244 -0.67214925 -0.70267898
-10.887183970789401 -0.95184999487833 -0.2297481  1.707935 
-10.894996470789401 -2.2144580430231016 2.79432426 1.76983213
-10.902808970789401 -0.035322471710098086 0.11723077 0.47436776
-10.910621470789401 -1.2408092663093475 -0.77760416  1.31011441
-10.918433970789401 -0.1793561334111629 -0.84584451 -0.80144178
-10.926246470789401 -0.021388404440786914 -0.05957725 -0.34594095
-10.934058970789401 -0.5524800304865809 1.18728702 0.29270909
-10.941871470789401 -0.42033962572900263 1.29420445 1.21424611
-10.949683970789401 -0.21165043455639052  0.12754717 -0.78367918
-10.957496470789401 -0.7957391434359182 -1.59717392 -0.80219465
-10.965308970789401 -0.5261984067650032 -0.86191354 -2.02891769
-10.973121470789401 -0.5917557241527641  0.6579975  -0.73270815
-10.980933970789401 -1.8928009023616021 2.73811097 2.46616995
-10.988746470789401 -2.971114737235606 -0.16641094 -3.6097765 
-10.996558970789401 -2.180235341197596 2.18579232 4.17155497
-11.004371470789401 -0.4076261198368117 -0.98091299 -0.16340813
-11.012183970789401 -0.5675414989059879 1.42477096 1.91486656
-11.019996470789401 -1.1068551310214039 -1.73338669 -2.92619477
-11.027808970789401 -1.079283846301897 1.2321198  2.90514586
-11.035621470789401 -0.3776026121595104 -0.92582809 -0.11758754
-11.043433970789401 -0.6160806743823412  0.82380914 -0.5124772 
-11.051246470789401 -0.8714377148172308 -0.43289763 -2.24903378
-11.059058970789401 -0.44515927748033524 1.30577399 1.58071288
-11.066871470789401 -0.6662853903077038 0.64388469 2.14406936
-11.074683970789401 -1.1240664019934605 0.30733446 2.40538382
-11.082496470789401 -0.06752564065422915 -0.15921541 -0.65394061
-11.090308970789401 -1.7466686866657808 2.18051139 0.68650843
-11.098121470789401 -1.69270683839635 2.3379192  3.48026817
-11.105933970789401 -2.4723835663212625 2.94279034 1.83395344
-11.113746470789401 -0.03504359293242207  0.2334446  -0.05926343
-11.121558970789401 -0.48904624059019963 -1.32399337 -1.77479989
-11.129371470789401 -1.5080286347788452 -2.36052522 -1.68226624
-11.137183970789401 -0.05338019558708773 -0.24601885 -0.63716525
-11.144996470789401 -0.10074259008269268 -0.59738864 -0.38268611
-11.152808970789401 -0.08385846281205846 -0.24579852 -0.77021909
-11.160621470789401 -0.6604404674628594 -0.64754191  0.84324693
-11.168433970789401 -0.14553987037439825 -0.07817352 -0.83715203
-11.176246470789401 -1.4039864670004727 0.28936232 2.6414285 
-11.184058970789401 -0.1014793927172928  0.23484281 -0.35741256
-11.191871470789401 -0.14955989725321733  0.00968824 -0.76371057
-11.199683970789401 -0.044676304964621064 0.42269048 0.4165281 
-11.207496470789401 -0.15781158917184585 0.74349128 0.46337154
-11.215308970789401 -2.0278998521309672 2.54352835 3.82495839
-11.223121470789401 -0.5611351596660739 1.29150014 2.05082091
-11.230933970789401 -0.0038038411945352374 -0.1206503  -0.14631877
-11.238746470789401 -0.19580095669065534 0.8496114  0.60189321
-11.246558970789401 -0.5280870832680848 -0.08567855  1.36518585
-11.254371470789401 -0.7005927257005908 1.65963966 1.87865358
-11.262183970789401 -1.0058496407802229 -1.36925278 -2.83504451
-11.269996470789401 -0.8790069388871352 1.69422145 0.8907033 
-11.277808970789401 -0.4320728668361028 -1.2973438  -1.08476317
-11.285621470789401 -0.18815607429111877  0.58473275 -0.05613534
-11.293433970789401 -0.14632436604628718 0.26746916 0.9842381 
-11.301246470789401 -0.09891040971376817 -0.44928593 -0.00907713
-11.309058970789401 -1.4043002200925012 -1.59560133 -3.34810162
-11.316871470789401 -3.888983753341945 -0.02989736 -3.97388533
-11.324683970789401 -0.13367716828810816 -0.17768413 -0.88700565
-11.332496470789401 -0.28484481451806654 1.03588669 1.29340955
-11.340308970789401 -0.03577760960842659 0.37068246 0.44621358
-11.348121470789401 -0.364331973376832 -1.17300214 -1.45829825
-11.355933970789401 -0.763294368879892 1.64414028 1.05254902
-11.363746470789401 -0.756228375845952  0.69697315 -0.89649537
-11.371558970789401 -0.20185815901052728 -0.86952814 -0.64291514
-11.379371470789401 -2.2773423306002414 -0.09131869 -3.10811007
-11.387183970789401 -1.9779682705550325 2.46225149 1.10240198
-11.394996470789401 -0.643756451296764 1.55819457 1.17471642
-11.402808970789401 -0.052407523978955727 0.02843188 0.48540204
-11.410621470789401 -1.1160906271143103 -1.72082852 -0.49481396
-11.418433970789401 -0.3534582255756294 -0.49945781  0.57960418
-11.426246470789401 -0.9176477281638773 -1.91587646 -1.91875897
-11.434058970789401 -0.19415092723817695 -0.54322911  0.15067712
-11.441871470789401 -0.3699952885010741 -0.51420775  0.58832186
-11.449683970789401 -0.49107130514627456  0.52503929 -0.77442944
-11.457496470789401 -0.2374705571490296 0.9733707  1.02268309
-11.465308970789401 -1.2448286772997839 -1.93366995 -3.04732844
-11.473121470789401 -0.020161430433277044 -0.09593142  0.1713566 
-11.480933970789401 -2.1645832193256895 -1.94051728 -4.1524679 
-11.488746470789401 -0.17220404747754658 -0.40528891  0.31897423
-11.496558970789401 -2.4176030980097307 -0.4673669  -3.54177425
-11.504371470789401 -2.2038074093955573 -2.08035379  0.03798464
-11.512183970789401 -1.391694487488821 1.9232768  3.28994585
-11.519996470789401 -0.0785656882545373 -0.182444   -0.71251658
-11.527808970789401 -0.4485225393460195 1.298242   1.62787492
-11.535621470789401 -2.7771306477733377 1.82875378 4.615182  
-11.543433970789401 -0.3239480429688889  0.17746294 -0.9469476 
-11.551246470789401 -0.5898098438375923 -1.52313263 -1.3248743 
-11.559058970789401 -1.7264877211190992 2.62721619 2.68792841
-11.566871470789401 -1.0424446835896162 2.02875976 1.79656892
-11.574683970789401 -1.860577429699851  1.33633191 -1.04201346
-11.582496470789401 -0.7441231668461703 -1.71205412 -1.49906736
-11.590308970789401 -1.2183276428661396 -2.17159995 -1.77478233
-11.598121470789401 -1.0921224005834658 1.54310068 0.13337379
-11.605933970789401 -0.3613109761211293 0.79262206 1.69649936
-11.613746470789401 -0.7004195528778316  0.72245984 -0.78741764
-11.621558970789401 -0.09417268584678073 -0.30349865 -0.83695841
-11.629371470789401 -0.6615577472658241 1.09071351 2.29760001
-11.637183970789401 -0.25036912799448613  0.69772059 -0.01967923
-11.644996470789401 -0.9222055972498908 -0.82335408  0.91184345
-11.652808970789401 -0.3791564305194822 0.98247013 0.2399217 
-11.660621470789401 -0.3297107691871254 -0.33976838 -1.43676452
-11.668433970789401 -2.700541444521944 -3.20975472 -3.91660721
-11.676246470789401 -0.6225175564463188 1.52992774 1.14341599
-11.684058970789401 -0.5494007564445618 1.43744822 1.79986461
-11.691871470789401 -0.013333054799347887 -0.16028814 -0.32654075
-11.699683970789401 -1.7362298477900344 -2.29179852 -0.99080701
-11.707496470789401 -0.021972570353690733 -0.09225609  0.18948686
-11.715308970789401 -1.7338837017664632 2.62581687 2.42427138
-11.723121470789401 -1.7534784435338207 -2.59600192 -2.07189523
-11.730933970789401 -1.2740353397990345 -1.23649516  0.65221368
-11.738746470789401 -0.05435672478421758 -0.04058968 -0.50511027
-11.746558970789401 -0.2902246005488648 -0.86300056 -1.50808074
-11.754371470789401 -0.0459905273980013 -0.29654635  0.01332843
-11.762183970789401 -0.8313685919992557  0.40446255 -1.37370629
-11.769996470789401 -0.7420694300728372 -1.59475865 -2.24669619
-11.777808970789401 -0.6112777496887202 -0.44810037 -1.94620486
-11.785621470789401 -0.08324811249746822 -0.35824372  0.09414316
-11.793433970789401 -1.211271790657517 -1.2289725  -3.05509236
-11.801246470789401 -2.0195951166441857 2.32797042 3.95859428
-11.809058970789401 -0.5168530018238121 -0.69749939 -1.95484048
-11.816871470789401 -0.6418331744453916 1.23938507 0.22387665
-11.824683970789401 -0.1597920947725412  0.45123936 -0.20872384
-11.832496470789401 -0.23897043798481654 -0.93388919 -1.22325528
-11.840308970789401 -0.18250503526305784 -0.81334875 -1.07504313
-11.848121470789401 -2.2699959501305167  0.26283954 -2.73897644
-11.855933970789401 -0.39189090108327646  0.31072912 -0.90212331
-11.863746470789401 -2.2495344549373746 -1.51579222  1.07274245
-11.871558970789401 -0.033161494614902164 0.03715237 0.39945843
-11.879371470789401 -0.16217295601877668 -0.58724106 -1.13845768
-11.887183970789401 -1.5117925976705373 2.10408826 3.37687378
-11.894996470789401 -2.110541075395939  1.65023743 -0.74118071
-11.902808970789401 -1.3615096845612606 -0.88010829 -3.0414616 
-11.910621470789401 -0.14488547298571847 -0.38427304 -1.04144587
-11.918433970789401 -0.17226084867367517 -0.00949877 -0.83953079
-11.926246470789401 -5.623817365948751 -3.65389912 -0.6299463 
-11.934058970789401 -2.024767501549838 -2.49275252 -1.11970669
-11.941871470789401 -0.6362451412942094 1.43800677 0.74727012
-11.949683970789401 -0.32899398683384584 1.13313718 1.31195573
-11.957496470789401 -2.5203901857397266  0.84656162 -2.21364983
-11.965308970789401 -0.6444860467194757 1.35875597 0.50334588
-11.973121470789401 -1.9970249288881525 -2.55249806 -1.33888635
-11.980933970789401 -0.4594605437720254 1.31107528 0.96622198
-11.988746470789401 -0.8260898512494876 1.79598825 2.07667601
-11.996558970789401 -1.346025471915566 -0.61268605  1.62533041
-12.004371470789401 -3.7963327356599406 -1.88731914  1.52198539
-12.012183970789401 -0.0211314462125462 0.28867024 0.25409746
-12.019996470789401 -0.4963731726957189  0.76318474 -0.42131589
-12.027808970789401 -0.15311960470923214 -0.0196168  -0.80198091
-12.035621470789401 -0.3740291015462024 -0.94887199 -0.17701814
-12.043433970789401 -1.2535742697218888  1.37709384 -0.38866651
-12.051246470789401 -0.24797634615055314 -0.98508562 -0.8384169 
-12.059058970789401 -2.3845598233272507 -1.17587226 -4.03166702
-12.066871470789401 -0.44435246652437166 0.62819203 1.80411067
-12.074683970789401 -0.2615826564731724 -0.3933344   0.55092122
-12.082496470789401 -1.3445183677432926 -1.54883024  0.17720521
-12.090308970789401 -0.6459672242724225  0.79216269 -0.60653212
-12.098121470789401 -1.0666840094482444  1.32722791 -0.25555512
-12.105933970789401 -0.32890823928520363 -1.14559524 -1.20255572
-12.113746470789401 -0.05212139210290452 0.3363597  0.64514396
-12.121558970789401 -0.592600007187555 1.51834057 1.26330739
-12.129371470789401 -0.4788804125706254 -1.03178137 -1.95425026
-12.137183970789401 -0.5315120923883799 1.34749351 0.79043911
-12.144996470789401 -0.1832398343333143 0.85581992 0.8788764 
-12.152808970789401 -2.748966429789584 -3.0457994  -1.73470377
-12.160621470789401 -0.3918295489803191  0.20351882 -1.03175374
-12.168433970789401 -0.8772276692420772 -0.76463072 -2.47467474
-12.176246470789401 -3.5469542950665023 0.33119191 4.08327521
-12.184058970789401 -0.6591598303297885 -0.64413887 -2.13468388
-12.191871470789401 -5.41946206695542 -3.48166663 -0.39041352
-12.199683970789401 -0.33059462893300884 -0.73165787 -1.61881923
-12.207496470789401 -1.2764695880017003  0.5178462  -1.68163412
-12.215308970789401 -0.7006391823904277 -1.65540462 -1.90478838
-12.223121470789401 -1.4322925286890675 -0.55276831  1.77609779
-12.230933970789401 -0.7809118407019737 1.72800046 2.09902844
-12.238746470789401 -0.929799507167636 -0.96382308  0.70657899
-12.246558970789401 -1.5508178875461298 2.47802824 2.72832326
-12.254371470789401 -0.23282225332323625 -0.54972195 -1.34287691
-12.262183970789401 -0.5561705643989621 -0.14805287  1.33611781
-12.269996470789401 -1.4544698034376715 -1.94489122 -3.37152269
-12.277808970789401 -0.9052401498887586 1.87018595 1.51895227
-12.285621470789401 -1.4845216095726625 1.28445915 3.35526844
-12.293433970789401 -3.358605291361262 -3.59512074 -2.8813084 
-12.301246470789401 -2.623986268459943 -1.00758016  2.07149882
-12.309058970789401 -0.5667403807778539 0.74536786 2.05356826
-12.316871470789401 -0.3784491580355963  0.79967612 -0.13537187
-12.324683970789401 -0.001330384040739715 -0.00920891 -0.08157418
-12.332496470789401 -3.566023839027285 -3.47540396 -1.99700526
-12.340308970789401 -0.22028668515411726 -0.56643896 -1.31496661
-12.348121470789401 -1.8892586660908357 -2.30064524 -3.80532665
-12.355933970789401 -0.3991532685659068 0.21485606 1.46002671
-12.363746470789401 -0.505346803347727 -0.14842616 -1.56241233
-12.371558970789401 -2.5833414285329237 1.11966827 4.13292377
-12.379371470789401 -1.376807312022184 2.33634253 2.55709767
-12.387183970789401 -0.13955551991834042 -0.01069219 -0.75775829
-12.394996470789401 -1.7154373671189274 2.5899618  2.98219556
-12.402808970789401 -1.3376429191613548  0.973709   -1.12449558
-12.410621470789401 -0.11335555912678175 -0.15989038  0.49421764
-12.418433970789401 -1.654595156959214 2.55873784 2.29182716
-12.426246470789401 -0.055967765116373566 0.22300071 0.64030365
-12.434058970789401 -1.0889987767906693 0.63235414 2.62135473
-12.441871470789401 -0.18407170310292947 0.85101949 0.96080402
-12.449683970789401 -0.12033698448886734 -0.50364174 -0.02646994
-12.457496470789401 -2.9191122903629134 -0.47158389  2.91280051
-12.465308970789401 -0.6241257327095653 -1.39167175 -2.13983795
-12.473121470789401 -0.7169155289572287 1.31532992 2.38189887
-12.480933970789401 -0.05073374684685204 0.3358523  0.03562203
-12.488746470789401 -0.09411645174751235 -0.57270103 -0.79288127
-12.496558970789401 -0.2668974052591917 -0.96589785 -1.33281878
-12.504371470789401 -0.40309579990104283 -0.36413039  0.85233674
-12.512183970789401 -0.1833155039986506 -0.28118019  0.52764595
-12.519996470789401 -0.24212006180303908 -0.22580739  0.73205026
-12.527808970789401 -0.1405940172992786 -0.45477996  0.14150123
-12.535621470789401 -2.9043811503250483 -2.72720484 -4.77167992
-12.543433970789401 -2.8615598842168355 -0.88737957  2.37740174
-12.551246470789401 -1.7996085295374866 -1.62988162  0.50129646
-12.559058970789401 -2.415212389138203 -2.15380682  0.08716746
-12.566871470789401 -0.5113887550711809 0.03044846 1.46035333
-12.574683970789401 -1.1968423380148712  1.37533899 -0.32636957
-12.582496470789401 -0.7927111960332072 -1.78003065 -1.73170201
-12.590308970789401 -0.9910969257381417 0.44292994 2.38411534
-12.598121470789401 -0.8210908034933049 -1.77675805 -2.13382113
-12.605933970789401 -0.6616634552810334 -1.62592421 -1.57093076
-12.613746470789401 -0.7568800036828494 -0.87864773  0.62318388
-12.621558970789401 -0.8001959777592822 1.41535285 2.5096838 
-12.629371470789401 -1.4862123320802958 -2.43746128 -2.49772616
-12.637183970789401 -1.0146871134783755 -1.03577443  0.69220698
-12.644996470789401 -0.10555658326031038 -0.1833909  -0.80676407
-12.652808970789401 -0.2598217277614798 0.89731115 0.41345207
-12.660621470789401 -0.8692681545861487 1.79322116 1.28191841
-12.668433970789401 -0.6181821058993954 1.50431201 1.04630131
-12.676246470789401 -1.1531771119452352 1.54985641 3.03668308
-12.684058970789401 -0.6397428923135294 -1.05507522  0.14733397
-12.691871470789401 -0.9359606009557335  1.02329693 -0.61886804
-12.699683970789401 -2.978895589152743 -3.35253504 -4.17478268
-12.707496470789401 -0.37287586714083154 1.0086288  0.32002775
-12.715308970789401 -1.0072733048577582 2.00468044 1.90294769
-12.723121470789401 -2.4709124402304243  1.66598955 -1.00011783
-12.730933970789401 -0.2014143875579339 -0.17070399 -1.05190641
-12.738746470789401 -0.7511478335921771 1.53160616 2.34325504
-12.746558970789401 -0.0883461719240152 -0.59445643 -0.59195909
-12.754371470789401 -0.326366310778349 -0.60193109  0.36922503
-12.762183970789401 -0.2375976803334808  0.57335911 -0.21508877
-12.769996470789401 -1.393606813131457  0.68980691 -1.56819966
-12.777808970789401 -1.1462157108856836 2.09552545 1.65548462
-12.785621470789401 -0.7001899821634667 1.20163416 2.36646688
-12.793433970789401 -0.03938861086016675 0.36674202 0.51857987
-12.801246470789401 -1.3945215771788353 -1.50483917  0.31547547
-12.809058970789401 -0.5066070938874827 -0.90351726  0.19652134
-12.816871470789401 -1.9212304146354215 -1.28853795 -3.7430423 
-12.824683970789401 -1.094439971679809 -0.98004324  0.8685441 
-12.832496470789401 -0.23114201454150485 -0.7156826  -0.07352493
-12.840308970789401 -0.2327437928679067 0.80870246 1.33498708
-12.848121470789401 -0.19981040781767895 -0.80029947 -1.19874945
-12.855933970789401 -0.1506060555455016 -0.32516471 -1.02992859
-12.863746470789401 -0.8459337707354396 1.35020738 0.10093756
-12.871558970789401 -1.0699695047856341 -1.80387749 -0.79100828
-12.879371470789401 -1.9851783776534053 1.98611351 3.98512993
-12.887183970789401 -0.7155153978888245  0.42569905 -1.21162863
-12.894996470789401 -0.4630043022629571 -1.28969078 -1.72410407
-12.902808970789401 -0.7830105511055432 -0.18955192 -1.94912922
-12.910621470789401 -0.24403382237955695 -0.95015214 -1.22097719
-12.918433970789401 -0.15119674420628954 0.54282108 1.09971627
-12.926246470789401 -0.12887859982604863 0.70907342 0.59624926
-12.934058970789401 -0.04354494643713868 -0.03615304 -0.45193272
-12.941871470789401 -0.9280638152290961 -1.88961417 -1.51329843
-12.949683970789401 -0.005981959441332171 0.11283283 0.0070189 
-12.957496470789401 -0.34156929629791566 -0.41955824 -1.51054315
-12.965308970789401 -0.9187788429543347 0.62075048 2.43452671
-12.973121470789401 -0.9309802912767746 -1.82430064 -1.19513586
-12.980933970789401 -0.32396694110539614 -1.02392345 -1.52136544
-12.988746470789401 -0.031079777631254135 -0.2001171   0.09017975
-12.996558970789401 -3.270614313416069 -0.80022811 -4.32756312
-13.004371470789401 -0.4660827924031322  0.56607048 -0.67646538
-13.012183970789401 -1.1925928526668241 -2.15977965 -1.83462847
-13.019996470789401 -0.17532874681588595 0.43882997 1.15209237
-13.027808970789401 -0.10550783584412332 0.64822187 0.69111412
-13.035621470789401 -0.719314626004822 -1.68264332 -1.89704936
-13.043433970789401 -0.027500708092895426 -0.33146488 -0.31989496
-13.051246470789401 -0.3427480255136284 0.26998074 1.40932375
-13.059058970789401 -0.35594295758291805 1.18239206 1.34276928
-13.066871470789401 -0.35602944710784507 -0.35435813 -1.49389668
-13.074683970789401 -0.8547144351886671 0.53499136 2.30491848
-13.082496470789401 -0.04762817095808883 0.4030275 0.5706029
-13.090308970789401 -2.254998854513947 -2.13408948 -4.24729972
-13.098121470789401 -1.6664381018115697 -1.70085152 -3.64323575
-13.105933970789401 -0.83404043835455 -0.07125479 -1.89638068
-13.113746470789401 -0.9264450378973723 -0.55140946  1.29296787
-13.121558970789401 -1.679814841433806  0.40237984 -2.15835245
-13.129371470789401 -0.15131542472814974 -0.68665394 -0.32091077
-13.137183970789401 -0.02613500523335207 -0.14266419  0.14748568
-13.144996470789401 -0.3574677753266052 0.40777193 1.53186852
-13.152808970789401 -2.42832776092159 -2.80205723 -4.16653014
-13.160621470789401 -0.34116650283082617 0.97365162 1.61915029
-13.168433970789401 -0.28848684186017814 -1.05733065 -0.86759591
-13.176246470789401 -0.19923260169318527 -0.23281932  0.62899596
-13.184058970789401 -1.244670112506903 -2.21314699 -1.92913846
-13.191871470789401 -1.9914255282506046 -2.74222888 -3.4099735 
-13.199683970789401 -3.167036140390218 3.30760216 4.62210303
-13.207496470789401 -0.7103881732838974 -0.54143851 -2.13780847
-13.215308970789401 -0.3295588073547623 -1.09540426 -1.43938789
-13.223121470789401 -2.112188070506468 -1.08263669  1.61488998
-13.230933970789401 -2.1509973420661117 -2.9102371  -2.54348189
-13.238746470789401 -0.2549225492922309 -0.47285862  0.4193829 
-13.246558970789401 -1.2246284449676053  0.9835639  -0.99914028
-13.254371470789401 -0.2134266755012874 -0.54328616  0.20407377
-13.262183970789401 -1.0859159032838892 -0.35843935 -2.41153089
-13.269996470789401 -0.08476299244658914 -0.16565409  0.39256692
-13.277808970789401 -0.4169356421964503 1.27124982 1.49855242
-13.285621470789401 -0.5608727143311045  0.97350862 -0.16481112
-13.293433970789401 -2.335615343261681 2.789016   4.03955633
-13.301246470789401 -0.2531045116805287  0.26400236 -0.70693574
-13.309058970789401 -1.2310159934481029  0.90984144 -1.11407865
-13.316871470789401 -0.634091442484355 0.11098583 1.69971108
-13.324683970789401 -0.04734120572215736 -0.32965905 -0.61371843
-13.332496470789401 -0.9705489075355485 -1.54282987 -2.76833859
-13.340308970789401 -2.003801512857002 -0.40380656 -3.2059747 
-13.348121470789401 -2.2682866146939658 -2.92967901 -3.62976996
-13.355933970789401 -2.569840411141139 -0.91829257  2.15353106
-13.363746470789401 -0.1755482523858126 -0.42598726  0.2956275 
-13.371558970789401 -0.22994252187074532 0.49272772 1.31552142
-13.379371470789401 -0.1735827671151447 -0.79416578 -1.0464192 
-13.387183970789401 -1.993559471244533 0.28625517 3.0955782 
-13.394996470789401 -1.6288505910623208 -1.65361857 -3.59808456
-13.402808970789401 -1.3948655297425705  0.50828608 -1.79846648
-13.410621470789401 -0.8552917144612614 -1.24912393  0.11500813
-13.418433970789401 -1.114869193645743 2.10814526 1.98485567
-13.426246470789401 -1.3045168156846052 -2.28405438 -2.24995406
-13.434058970789401 -0.6769282061057883 -0.33191609  1.27977387
-13.441871470789401 -0.11180045308112224 -0.0555085   0.61091525
-13.449683970789401 -0.007732445372461386 0.17145014 0.2106245 
-13.457496470789401 -0.5948261955270502  0.91825706 -0.32114149
-13.465308970789401 -0.5105880097517066 1.1566446  0.31728454
-13.473121470789401 -0.03560987076576191 -0.02970246 -0.40594341
-13.480933970789401 -1.4814667466456335 -1.70643912 -3.44250724
-13.488746470789401 -0.7837035331403788 -1.58297911 -2.37606881
-13.496558970789401 -0.36396883693455073 0.87317492 1.70590591
-13.504371470789401 -0.32114505874155524  0.22229226 -0.88908814
-13.512183970789401 -1.8694588744591327 -1.54580698  0.70992268
-13.519996470789401 -0.14190194364002018 0.75314195 0.7727628 
-13.527808970789401 -0.2994426011806717 -0.57192278  0.36117676
-13.535621470789401 -0.1737310059574667  0.07521051 -0.75501079
-13.543433970789401 -0.4507137602007843 -0.78667488  0.30144169
-13.551246470789401 -0.036758692915231796 0.13327237 0.49281826
-13.559058970789401 -2.937240322375721 -3.0492012  -4.61487464
-13.566871470789401 -0.2854808174906053 -0.62163645 -1.49082653
-13.574683970789401 -1.8085857016568592  1.04952621 -1.42693044
-13.582496470789401 -0.2569653195256702 -0.01908331 -1.03273863
-13.590308970789401 -0.009181101284926694 0.16722729 0.26081917
-13.598121470789401 -0.05150925744177502 0.41130233 0.60331124
-13.605933970789401 -0.030375495259721438  0.22611673 -0.03916275
-13.613746470789401 -0.7606775828913892 1.74251418 1.82223024
-13.621558970789401 -1.9265794542544408 0.77850879 3.4431367 
-13.629371470789401 -1.9183856024221306 -0.4704543  -3.20032887
-13.637183970789401 -1.2136533879211249 -2.06138329 -2.83940159
-13.644996470789401 -2.062085876941672  1.42204024 -1.07318421
-13.652808970789401 -0.9501201744479395 -1.94491589 -1.81156348
-13.660621470789401 -0.8049361428055843 -1.78411648 -1.59261465
-13.668433970789401 -0.4885931231506719 0.06886206 1.46515376
-13.676246470789401 -0.8041123605492324 1.70521545 2.26081396
-13.684058970789401 -0.6792422698290195 0.29799473 1.91915735
-13.691871470789401 -0.41816390889238897 1.29045765 1.2045816 
-13.699683970789401 -0.21280622010409375 -0.53542655  0.2159344 
-13.707496470789401 -0.750354725951112 -0.52743405 -2.17765592
-13.715308970789401 -1.849548556156512 -0.55131828 -3.21482018
-13.723121470789401 -0.05800794373901445 0.02987146 0.51064113
-13.730933970789401 -1.0672208091987483 -1.03576621 -2.82352223
-13.738746470789401 -1.922872498396007  1.240174   -1.24044255
