0 -75.03982693640901 0.04824829 3.30745973
0 -52.48554157480694 4.18406206 0.1826277 
0 -46.915698917763436  2.47534757 -0.99810405
0 -15.253754750432893  4.01858625 -1.38832769
0 -148.9960136664144 -4.38567143  3.72131103
0 -96.7120174859376 -2.16342194 -1.96643293
0 -76.56324581156336  2.08831243 -2.09562342
0 -107.74269665889452 -3.30564224 -4.43355066
0 -3.9511344156133785 -2.95868606  2.8392756 
0 -288.7039646094333 -2.32974367 -4.77562151
0 -170.1670508742118  0.43739331 -1.45067375
0 -90.56356450015518 0.94746726 1.4475531 
0 -215.3503240428877 -4.53686679  1.30182083
0 -179.80010926521317 -0.45462259 -1.242229  
0 -111.84924234722692 -2.03271379 -1.67140816
0 -66.02640500747673 -0.26742402  2.8449385 
0 -146.52129538459513  4.7994028  -0.12834862
0 -154.9503727391789 -2.80032608 -4.43446857
0 -27.551032195822266  3.97501892 -0.40178516
0 -18.070347454371003 2.63854536 2.9085324 
0 -106.73515849888278 -2.38725685 -1.14671432
0 -82.20240358878189  4.68207462 -2.1085425 
0 -79.89352073537486 -3.79724629  1.90126397
0 -157.6750851377385 4.26553685 3.14090121
0 -2.5320239619794966 -2.68143322  3.34722447
0 -16.033598888163166  3.01538329 -1.21638124
0 -81.45081650923187  4.28535086 -3.28069745
0 -52.35185799774793 -1.26277026  2.48205893
0 -146.1573642345339 -4.31866288  3.87056082
0 -11.445068187560295 2.33709034 2.1550053 
0 -138.5324686435506 4.22759718 3.02385157
0 -39.72305403829615 1.61060915 2.15009579
0 -481.6456630438458  0.39959875 -4.70067135
0 -167.8338522018902 -4.38043014 -4.88963598
0 -150.77494466333619 -4.46178519  2.76707664
0 -1.030421261602467 -3.78967031 -3.4354155 
0 -71.54932137992915 -2.86715948 -1.62689126
0 -65.8171741793866 0.54284606 2.59776943
0 -146.52791199554463 -1.66606755 -0.69227928
0 -92.57579233533833 -0.63767492  1.88381089
0 -12.994663715067976  3.77999441 -0.78892814
0 -286.7470424270442 -2.27721427 -4.74503192
0 -12.332377599443022  3.32488987 -0.42807254
0 -96.18876208900276 0.3452317  1.75201435
0 -444.64680030869647 4.14552532 4.58098747
0 -222.13231405618063 -3.26060739 -4.91887532
0 -177.25169880185652 -0.4173429  -2.35679307
0 -102.4343435562387 0.81625986 3.72098502
0 -58.216895211646346 2.21198456 0.14868399
0 -24.359023556478817 2.02655133 2.0310496 
0 -364.4834846867995  4.69958641 -4.49650723
0 -179.12902240511477 -0.58192001 -0.63213276
0 -66.744346080851 0.68641047 3.12538576
0 -195.56866472361662 0.41968582 4.35655992
0 -91.12812855629596 2.21114954 3.74667559
0 -22.920841103432366  2.85223876 -1.88646794
0 -12.683515829584817 3.44698044 0.53389146
0 -350.7890028791725 4.96515499 3.19602003
0 -199.23380738730077 -2.43071991 -4.45302853
0 -43.922980305472606 2.46173343 0.10056935
0 -141.18756727138393  2.90222573 -3.76140925
0 -187.01294236564857 -0.80819949 -3.15701948
0 -104.06570218146281 -3.81816347  1.37936184
0 -29.481148041912327  4.06850474 -0.70173754
0 -180.62603589872128 -0.93320069 -3.15641985
0 -156.8415674489255  0.94570553 -2.41612552
0 -33.934324790436136  4.03774139 -0.2508207 
0 -162.4638402612991 4.7824491  0.77043162
0 -153.97849483719435 -1.44349807 -0.22263763
0 -13.160956049522927  3.2724248  -0.41014418
0 -55.96736857908099  4.3702464  -0.86043896
0 -35.783251840200954 1.67409029 2.22679736
0 -240.11915691687352 0.84958792 4.53227342
0 -21.956098962174458  2.91389594 -0.97782144
0 -272.8052558553669 -4.78524093  1.42028626
0 -575.6399550720248  0.0973345  -4.98065205
0 -74.65396260566624 -4.08208451 -4.43102648
0 -52.63132140606263  2.57604913 -2.56431786
0 -158.01109719045172 -1.34093253 -0.26345927
0 -240.8706758603037 0.25637273 4.57159018
0 -87.74836312134791 4.24095019 2.17340811
0 -56.24048033054469 -1.77172775  3.89019175
0 -53.586234380341146 1.05094561 2.67882896
0 -217.29375577916034 -0.87588917  4.63830735
0 -306.6047141248088  2.60521898 -4.42982451
0 -102.97196609117226  4.75545037 -2.64335623
0 -70.70275643804844 -0.14147071  3.22276187
0 -60.79692349384008 -1.94929386  1.81854784
0 -84.69951713837987 -2.23378899 -3.16150402
0 -185.7790626517344 -0.77874754 -3.10699295
0 -219.26356681233057 -4.69627786  2.3041487 
0 -189.5033259969021  2.27128881 -3.81334138
0 -368.72539901286643 4.23134122 4.28637344
0 -68.03452700410158 -3.73957745 -1.61427132
0 -126.60114261594316  2.77413367 -3.61879487
0 -239.46354838708362 -1.64848195  4.8726516 
0 -534.2045001160798  0.71958772 -4.85502649
0 -355.6765269623775  4.4348791  -4.57996456
0 -265.42136329751736  3.3199214  -4.40138123
0 -84.65539387160247  4.6115117 -1.1320381
0 -302.5993653603887 3.70602264 4.37820898
0 -136.73838762515135 -1.83983407 -0.0417899 
0 -75.7395811616513 -0.48178592  2.32095037
0 -223.5501743062259  1.8241896  -3.83667463
0 -111.84669151323916 1.6459024  3.86787835
0 -147.02562482168852 -0.94502291  0.62368719
0 -80.20781421631958 0.75391028 3.44166354
0 -66.32307178781845  2.54063464 -2.81770485
0 -114.70191230848357 -0.5315617   1.46315474
0 -255.2301007045097  1.05217906 -3.77159918
0 -23.208724240204432 -3.25043304  2.42104489
0 -55.872037998299746  4.03820203 -3.18249282
0 -110.61497262908682 -3.58044934 -0.3992874 
0 -13.105265272184361  3.07303715 -1.30985356
0 -277.64704560900276 1.62712631 4.6496217 
0 -161.92614447902702 2.80523946 4.10878699
0 -182.48472097806783  0.62150753 -2.80966064
0 -139.59780231184655 2.71240649 4.01210337
0 -50.38769414262168 -3.5411647  -4.14076443
0 -52.903584941615065 1.10171217 2.53020296
0 -65.33610987588959 -4.20992115 -2.13443468
0 -143.3384821485658 0.63389541 0.37269666
0 -249.46714446115817 -4.69989276  1.44571521
0 -162.67278330951183  4.94220478 -0.75766188
0 -147.99407025976745 -1.25832096  4.39773256
0 -245.044451558812 -4.63177504  0.02324486
0 -95.37193446094068  2.33461614 -3.04886768
0 -56.42357620775467  2.53517307 -2.59223712
-4.8559339707894 -1.509620195479288 -3.94054936 -3.30023943
-4.8637464707894 -0.3053793252368049  3.51141061 -1.77973822
-4.8715589707894 -1.3051903163401741  3.4241818  -1.86243348
-4.8793714707894 -0.19648881324961548 3.07195566 1.91156726
-4.8871839707894 -3.592107941658968 3.25402546 2.13124272
-4.8949964707894 -0.30512473033935966  3.54103239 -1.713119  
-4.9028089707894 -0.49452418850252344  3.52289147 -1.68171953
-4.9106214707894 -0.6221822735356014 2.94677982 1.84879593
-4.9184339707894 -0.918195033931484  3.57667802 -2.08246512
-4.9262464707894 -0.4080273125716789 -2.91508643  3.12993086
-4.9340589707894 -1.2467059405429013 -3.66284276 -3.35640377
-4.9418714707894 -0.9710150330800272 -3.91019041 -3.30421792
-4.9496839707894 -1.1143018767017332 2.83777384 2.21975542
-4.9574964707894 -0.43373062391577205 -3.68848299 -3.26150715
-4.9653089707894 -0.8529226626348352  3.63904578 -1.63313206
-4.9731214707894 -0.3053384010213565 3.03273368 1.84840467
-4.9809339707894 -0.1558930953647872 -2.78984251  3.06975628
-4.9887464707894 -1.1894400215451864 -2.64177745  3.22252164
-4.9965589707894 -0.036828241053443234 -2.78517091  3.10646639
-5.0043714707894 -3.553728934169297 2.94718441 1.52931495
-5.0121839707894 -0.17173594894206706 -2.86552818  3.16757541
-5.0199964707894 -0.19325129637493987 2.92121324 2.0614602 
-5.0278089707894 -1.93090106188377 -3.80675397 -3.07892947
-5.0356214707894 -0.8972734819233446 -2.70013574  3.01014799
-5.0434339707894 -1.7699942614326047 -2.5637101   3.15443622
-5.0512464707894 -0.4393596300438867 -2.86000506  3.0387793 
-5.0590589707894 -0.39569653772935875 -3.84520136 -3.36324099
-5.0668714707894 -1.6701577160570702 2.96603065 1.68778479
-5.0746839707894 -0.2581881447883875  3.555706  -1.7150205
-5.0824964707894 -0.4863535172911141 -3.85126478 -3.37282468
-5.0903089707894 -0.1664334503807044 -3.81694083 -3.25002319
-5.0981214707894 -1.7503492326747239 2.77882207 2.24733031
-5.1059339707894 -0.024294176733140983 -3.79211619 -3.305931  
-5.1137464707894 -0.08993957136426314 -2.8569816  3.1269952
-5.1215589707894 -3.0451048391293947 -2.49411482  3.04702243
-5.1293714707894 -0.7298503766279401 -3.7235734  -3.37744434
-5.1371839707894 -0.05857145921765969 -3.7530225  -3.29698484
-5.1449964707894 -0.29915226041553566 -3.72640805 -3.32464698
-5.1528089707894 -0.008558913422360823  3.58662611 -1.87229939
-5.1606214707894 -0.744769744038566  3.54372175 -1.61086965
-5.1684339707894 -0.310243394283376 3.08555973 1.87748208
-5.1762464707894 -1.116345197232683 -3.89800233 -3.40609503
-5.1840589707894 -0.14754009929205547 2.94146923 2.08235468
-5.1918714707894 -1.64919519791414  3.58037505 -1.47708863
-5.1996839707894 -1.9822569332997129 -3.70853424 -3.0550516 
-5.2074964707894 -0.9055554006171922 -3.64695835 -3.24302706
-5.2153089707894 -1.3490692603871124 -2.62552167  3.03103468
-5.2231214707894 -2.460029560866401 -2.74650301  3.36335693
-5.2309339707894 -3.3458811719249506 -2.86753458  3.40382789
-5.2387464707894 -0.24079114218098924 3.02159836 2.10038795
-5.2465589707894 -1.829490433001883 -3.6243439  -3.34976851
-5.2543714707894 -0.2530049564575693 2.91036349 2.07445604
-5.2621839707894 -2.4614173221291495 -3.06499726  3.17462627
-5.2699964707894 -0.3671634311093995 2.90102171 2.11809045
-5.2778089707894 -0.44702294147148897  3.57266991 -1.66323901
-5.2856214707894 -0.5937508885679624 3.08070715 2.10074539
-5.2934339707894 -0.37218653465438284 3.0922228  1.86270148
-5.3012464707894 -0.9251399181830574 -2.63473487  3.0972405 
-5.3090589707894 -0.07590043816210738  3.57870942 -1.77419549
-5.3168714707894 -0.22398344220678162 -2.72237776  3.14391411
-5.3246839707894 -2.1640454754652847 -3.94406143 -3.45207231
-5.3324964707894 -1.6946978489656515 3.1072904  2.20646459
-5.3403089707894 -1.075463784628681 -2.96489092  3.06171052
-5.3481214707894 -0.2132649088987636 -3.73847318 -3.21619965
-5.3559339707894 -1.1062333658593233 -3.77989965 -3.12111986
-5.3637464707894 -0.734493495659158 -2.94547108  3.17270253
-5.3715589707894 -0.24171306209165974  3.52684129 -1.9049522 
-5.3793714707894 -0.6608123540273095 -2.75089485  3.2468919 
-5.3871839707894 -0.38555324242282607 -3.76634706 -3.18518724
-5.3949964707894 -0.5256175314215306 -2.70357813  3.19950827
-5.4028089707894 -0.6302244292346498  3.55492607 -1.62826928
-5.4106214707894 -1.4451592681572523 -2.95960225  3.00531407
-5.4184339707894 -0.10887994020430407 3.05857376 1.9618843 
-5.4262464707894 -0.3837770835858308  3.51380876 -1.92548036
-5.4340589707894 -0.3390926229789589  3.59628845 -1.6948327 
-5.4418714707894 -1.0670097736493207 -3.90018603 -3.24560146
-5.4496839707894 -0.42795242486727353 3.04516001 1.81854222
-5.4574964707894 -1.3148463466377212  3.57296009 -1.51898152
-5.4653089707894 -0.5642991872926623  3.58224794 -1.64057462
-5.4731214707894 -0.07850062098906974 -2.79506242  3.08761104
-5.4809339707894 -0.7290218955636638 -2.67600636  3.20044041
-5.4887464707894 -1.9083025391350044  3.47863785 -1.48096402
-5.4965589707894 -0.13386482805228214 3.04641947 1.90788784
-5.5043714707894 -4.597645429072358 -2.41451868  3.03534689
-5.5121839707894 -1.628009920515447 -3.65831182 -3.09868142
-5.5199964707894 -0.21983175608168334 -3.71672458 -3.28064865
-5.5278089707894 -0.17460774694131004 -2.87753608  3.13120606
-5.5356214707894 -1.812862945176398 -3.5917108  -3.19991235
-5.5434339707894 -1.760415197932002 3.18087241 1.65565327
-5.5512464707894 -0.8747815172530022  3.50898574 -2.0243993 
-5.5590589707894 -2.933120937326173 -3.0332435   2.96243968
-5.5668714707894 -0.31424646702043624 3.09472201 1.98268103
-5.5746839707894 -0.06989742452535615 -3.77929355 -3.32275161
-5.5824964707894 -0.10351851611963463 -2.8183046   3.08180253
-5.5903089707894 -0.1309605032237537  3.57471978 -1.93670143
-5.5981214707894 -2.8704343828793997 2.72900103 1.93824005
-5.6059339707894 -0.5353457358704432 -2.7187058   3.04228091
-5.6137464707894 -1.0895605415407688  3.718689   -1.96756351
-5.6215589707894 -0.04212761449196331  3.60436298 -1.8906135 
-5.6293714707894 -0.5126103965404036 3.08844623 1.81327415
-5.6371839707894 -0.027324063733218256 3.00537659 2.03596957
-5.6449964707894 -0.7866628437600587  3.54405713 -1.60313306
-5.6528089707894 -0.9422517181948065 3.08371954 1.72458346
-5.6606214707894 -0.01785024723510306 -2.81832753  3.1140837 
-5.6684339707894 -1.246805972373196 -3.67559866 -3.37388453
-5.6762464707894 -0.8257862832506611  3.45562491 -1.81877157
-5.6840589707894 -1.1554669391181238  3.68151037 -2.06824673
-5.6918714707894 -0.4213225972310517  3.62903498 -1.99931052
-5.6996839707894 -1.2797962851402076 2.96715532 2.27191001
-5.7074964707894 -0.9543302531584587 3.15074886 1.78276122
-5.7153089707894 -3.2088885228224395  3.76647822 -2.16992235
-5.7231214707894 -1.504467724536943  3.652168   -2.13480586
-5.7309339707894 -2.7666592419908747 3.24723198 1.59369513
-5.7387464707894 -0.6429658097743529 -2.78172425  3.00376376
-5.7465589707894 -0.6366141305454649 2.88455872 1.94827508
-5.7543714707894 -0.2022474925362534 3.04718702 2.05948807
-5.7621839707894 -1.8131323848365157 2.81999265 1.87545884
-5.7699964707894 -0.12916218536052348  3.53712479 -1.80399411
-5.7778089707894 -0.7279775505883107  3.60698022 -2.06028415
-5.7856214707894 -0.7445887516673498  3.59416065 -2.06311504
-5.7934339707894 -0.3941976368199599  3.66939354 -1.89741304
-5.8012464707894 -0.723262725852218 2.92649454 2.21226039
-5.8090589707894 -2.410424274221907 2.90138143 1.68308094
-5.8168714707894 -0.9398215624628515 3.06689615 1.72406634
-5.8246839707894 -0.029936591186795602 2.98579514 1.9708406 
-5.8324964707894 -1.5382260109001749 -3.00058331  3.05974546
-5.8403089707894 -0.18950035500709883 -2.74904515  3.08287483
-5.8481214707894 -0.08247727481526283 3.03941457 1.93089007
-5.8559339707894 -2.4266583325142124 3.24362521 1.65308346
-5.8637464707894 -3.1456474758535156 -3.08664507  3.043584  
-5.8715589707894 -2.517241892664592  3.78509917 -1.74831153
-5.8793714707894 -0.21897972471074953 -2.81651095  3.20376545
-5.8871839707894 -0.2694962273241722 -2.75963368  3.20081396
-5.8949964707894 -0.3333322819350436 -2.71859366  3.17853122
-5.9028089707894 -0.9095663171773241 3.16441128 1.9362964 
-5.9106214707894 -0.8018123312992321 2.88039855 2.20541587
-5.9184339707894 -2.7186248126419303 -2.58770771  2.94236939
-5.9262464707894 -1.34293731212639 -2.95205846  3.2539587 
-5.9340589707894 -0.024309447182455358 3.02778306 1.98131343
-5.9418714707894 -0.060500084975864614 -2.80604879  3.16987201
-5.9496839707894 -0.8570315134024862 -2.73437444  2.99560735
-5.9574964707894 -0.3849320197196374 3.08272668 1.84491518
-5.9653089707894 -0.04002232512552263 3.01547484 1.94638168
-5.9731214707894 -0.1009865360680132 -3.75974212 -3.31948253
-5.9809339707894 -0.6647033397437627 -3.70833625 -3.16296353
-5.9887464707894 -0.15107981098223916 -3.73543326 -3.3024953 
-5.9965589707894 -0.5038191788218676  3.59257114 -1.65626782
-6.0043714707894 -1.5660751845841236 -3.71181106 -3.08187458
-6.0121839707894 -1.2177294274898305 3.07791893 1.68214663
-6.0199964707894 -0.9899269552448845 -3.75934352 -3.4221694 
-6.0278089707894 -2.0318265518105667 -3.01303363  3.01671264
-6.0356214707894 -0.870376717928854 -2.96296369  3.1127841 
-6.0434339707894 -5.422921822901145 2.8085138 1.5654669
-6.0512464707894 -0.29712323745965924 2.91845466 2.11824123
-6.0590589707894 -0.4526588360133634 3.02498215 1.81741119
-6.0668714707894 -1.3614664306328206 3.10615908 2.17315009
-6.0746839707894 -0.5448586302037508 2.92201624 1.89783372
-6.0824964707894 -0.07335471112355625  3.58941121 -1.77800364
-6.0903089707894 -0.2588709173451158 -3.73588518 -3.32907539
-6.0981214707894 -1.8193879865790876 -3.61904205 -3.33870755
-6.1059339707894 -0.4677180093838483 -3.86856626 -3.33744352
-6.1137464707894 -1.9045461134932116 -2.57477311  3.0366082 
-6.1215589707894 -1.6715471428870095 -2.5719792   3.16001032
-6.1293714707894 -0.3577467523579948 -2.77559344  3.22007197
-6.1371839707894 -0.03173973797879953 -3.7751301  -3.25530521
-6.1449964707894 -0.403118433063623  3.49880896 -1.77805545
-6.1528089707894 -0.7788299961935248 -2.88534551  3.01158231
-6.1606214707894 -2.853074410894362 2.7006859  2.02767088
-6.1684339707894 -1.3746829258033595 2.78231478 2.10949859
-6.1762464707894 -0.06634735893584781 3.04476929 1.9868454 
-6.1840589707894 -0.5342812842463625 -2.92140887  3.17652841
-6.1918714707894 -0.28268334911328663 -2.82185693  3.21303478
-6.1996839707894 -0.4942221421930425  3.67714126 -1.92026142
-6.2074964707894 -0.6251582452896752  3.63492209 -2.03351561
-6.2153089707894 -0.20062622040566058 2.92174037 2.01576907
-6.2231214707894 -3.2931886126724597 -3.52425785 -3.16767331
-6.2309339707894 -0.6324920244667815 -3.86880915 -3.24578409
-6.2387464707894 -0.05538561268621457 -3.7471187  -3.27017055
-6.2465589707894 -0.8355291916431703 2.89427179 2.21941063
-6.2543714707894 -0.6824325572793049 -2.84066448  3.0029556 
-6.2621839707894 -0.09049740878461993  3.54230168 -1.83951775
-6.2699964707894 -1.4428852515581494 -3.93621225 -3.37088169
-6.2778089707894 -1.2966104650057524 -3.81350394 -3.45672287
-6.2856214707894 -0.4502137978535001 -3.69138762 -3.28734751
-6.2934339707894 -1.2794154820890824 3.15787314 2.0695235 
-6.3012464707894 -0.18375520244068155 3.01749233 1.88519157
-6.3090589707894 -1.763011209688947 -3.75577098 -3.46885579
-6.3168714707894 -0.4758421775763316 -3.6854742  -3.27219011
-6.3246839707894 -0.5987156002093572  3.48279841 -1.7462692 
-6.3324964707894 -2.4331827795175722 -2.77071058  2.87681558
-6.3403089707894 -0.5037217492480048 -2.90803995  3.19282407
-6.3481214707894 -0.22028503932130053 -3.71817104 -3.28661893
-6.3559339707894 -0.5551804474299106 -3.81503941 -3.39756133
-6.3637464707894 -0.03878653859861533 -3.80538961 -3.29834017
-6.3715589707894 -0.3948019290184819 -3.69457101 -3.23510731
-6.3793714707894 -0.08763718831623157 2.97011088 2.0754339 
-6.3871839707894 -2.6867263750349544 3.03884224 2.34408734
-6.3949964707894 -0.5434620588601872 3.0624817 2.1172727
-6.4028089707894 -0.44768603764646997 3.10340792 2.01629559
-6.4106214707894 -0.1192191679987155 -2.85985543  3.15442523
-6.4184339707894 -0.1617016820448522  3.60954219 -1.94519762
-6.4262464707894 -0.870722696206067 2.9820852  2.22345798
-6.4340589707894 -0.6420445925771354 -3.84128758 -3.39990327
-6.4418714707894 -0.535834779139772 -2.90282172  3.20514839
-6.4496839707894 -0.6414086601077893  3.4918625 -1.9451365
-6.4574964707894 -0.31267389184034433 2.95674242 2.14253287
-6.4653089707894 -2.995689361592972 -2.96837452  3.35385017
-6.4731214707894 -0.320217066695958 -2.81840239  3.0418281 
-6.4809339707894 -0.5647092363527544 -2.79479016  3.01077968
-6.4887464707894 -0.2186651943533405  3.52914667 -1.90059689
-6.4965589707894 -2.426880589509668 3.26596375 1.7686226 
-6.5043714707894 -0.16287861559794095 3.00060368 1.89937984
-6.5121839707894 -1.0019133824369137  3.47531328 -1.64266304
-6.5199964707894 -0.019289974802047874  3.56626473 -1.83103574
-6.5278089707894 -0.8285249875564262 2.89602416 1.88586654
-6.5356214707894 -0.12143077408563932 3.06024311 1.9438478 
-6.5434339707894 -0.2434821861341048  3.58254898 -1.71432471
-6.5512464707894 -0.6374318410833447 -2.67852502  3.06950042
-6.5590589707894 -0.5941801450018847  3.68283897 -1.94281   
-6.5668714707894 -0.5381003661613363  3.57341555 -1.64431073
-6.5746839707894 -0.09877552101063786 -2.76424605  3.09689198
-6.5824964707894 -0.0789246470815867 -3.81738865 -3.29827635
-6.5903089707894 -1.0665882652104766 -2.96491107  3.06337501
-6.5981214707894 -1.5809294763979396 -2.58509765  3.18210043
-6.6059339707894 -0.03373948648093383 -2.78055359  3.11198502
-6.6137464707894 -0.22019372324645897 3.06969717 2.02065365
-6.6215589707894 -0.16124066515760055 2.9492628  1.95972437
-6.6293714707894 -0.09070000256221158 -2.75874677  3.10704813
-6.6371839707894 -0.3942081683674948 -3.76671813 -3.18415937
-6.6449964707894 -0.43123273421650665 -2.69536158  3.09215161
-6.6528089707894 -0.31789305731457324 -2.77783835  3.04423359
-6.6606214707894 -0.10859089966053635 -3.76705313 -3.23110028
-6.6684339707894 -0.7933987764309973  3.70382358 -1.92264998
-6.6762464707894 -0.009852003830727249  3.57168812 -1.85526418
-6.6840589707894 -0.21916542560564592 -2.81489653  3.05730816
-6.6918714707894 -2.03981929605698 2.81285436 1.8596342 
-6.6996839707894 -1.2040381806809357 2.84987829 2.24665256
-6.7074964707894 -0.09385404064056464 3.04165133 1.92577039
-6.7153089707894 -0.09688854713891396 -3.79537974 -3.33134065
-6.7231214707894 -0.2521778766434033  3.53290136 -1.74313966
-6.7309339707894 -0.3946812678342194  3.6503326  -1.75594144
-6.7387464707894 -3.417105004280695 2.84576073 2.43796686
-6.7465589707894 -0.08508602458204728  3.57466802 -1.91860397
-6.7543714707894 -3.246814670165711  3.78116075 -2.14592596
-6.7621839707894 -2.5218416359832627  3.50594959 -2.19147582
-6.7699964707894 -0.6194536233080824 2.91497037 1.89383216
-6.7778089707894 -1.3015169446445982 2.95755337 2.27662905
-6.7856214707894 -0.24136753849609377 2.96214694 1.91285904
-6.7934339707894 -0.4567991216818833  3.60413916 -1.672979  
-6.8012464707894 -0.11265051027300049 2.98319417 1.93063705
-6.8090589707894 -0.6128390280274838 -2.77437138  3.24889975
-6.8168714707894 -2.0597828947804895 -3.04063998  3.18565283
-6.8246839707894 -1.4071020828986585 -2.79620217  3.31286755
-6.8324964707894 -0.6881315090274241 -2.77854021  3.25695639
-6.8403089707894 -0.9476154280791651 -2.6747901   3.02504391
-6.8481214707894 -2.180477556142259 -2.97708857  3.29960791
-6.8559339707894 -2.6996114526573214 -2.54909725  3.25944807
-6.8637464707894 -0.07090295512344338 -2.78113014  3.1667814 
-6.8715589707894 -1.4137588205048144  3.48283334 -2.06270841
-6.8793714707894 -0.36809688240542854  3.5719321  -1.68116982
-6.8871839707894 -0.4762686202368994 -3.81440869 -3.38903606
-6.8949964707894 -0.5851263824978907 2.87289384 2.14456134
-6.9028089707894 -1.1906084227145604 3.14739685 1.72020433
-6.9106214707894 -0.31941484273089615 2.93486254 2.13843782
-6.9184339707894 -1.2161331209136008 2.88535593 2.26699992
-6.9262464707894 -1.4513330883931708 2.95711288 1.72135266
-6.9340589707894 -0.5719537883811227 3.13231076 1.93431832
-6.9418714707894 -0.1028237767349289 2.99459357 1.92443985
-6.9496839707894 -2.854160944803006  3.49282274 -1.350743  
-6.9574964707894 -0.3140037338263014  3.50595032 -1.81447011
-6.9653089707894 -0.5705164319695 -2.88538254  3.22526624
-6.9731214707894 -0.23757190687185226 -2.7303564   3.16856335
-6.9809339707894 -1.325545048419288 -2.97611077  3.0426983 
-6.9887464707894 -0.7492328552495516 -2.75075226  3.00022282
-6.9965589707894 -0.37739318243177933 -2.77151812  3.22150683
-7.0043714707894 -0.11578887329689967 -2.74667822  3.11693339
-7.0121839707894 -0.9286293674763371 -2.82070239  3.27948914
-7.0199964707894 -1.2447406647287733 -2.63976628  3.02599177
-7.0278089707894 -0.1260133814609274 -2.86668651  3.13500735
-7.0356214707894 -0.549723828245811 2.88395007 2.15278527
-7.0434339707894 -0.6787550475348209 2.93905977 1.84842632
-7.0512464707894 -1.7219058788640993 3.20500439 1.71024602
-7.0590589707894 -0.09739816036240197 3.02926073 1.91645293
-7.0668714707894 -2.1244141699728147  3.41551774 -1.55995893
-7.0746839707894 -1.7144404366724668  3.66033329 -1.53468519
-7.0824964707894 -0.12770527400786463  3.63317292 -1.87494609
-7.0903089707894 -0.16010096455109768 -2.83668517  3.18762592
-7.0981214707894 -0.24033111640054267  3.52625744 -1.76364339
-7.1059339707894 -0.09315218691847754  3.59944258 -1.92461669
-7.1137464707894 -0.6177522625867213 -3.73471171 -3.37554056
-7.1215589707894 -0.8113035311839799 -3.83705729 -3.41828461
-7.1293714707894 -0.9979985838042702 -3.68123187 -3.14259349
-7.1371839707894 -1.3954443526838562 -3.72647524 -3.43141863
-7.1449964707894 -0.1862205233669425 -3.74286758 -3.32256054
-7.1528089707894 -0.13293893642748006 -3.82632794 -3.31517627
-7.1606214707894 -0.5387042137859176 -3.67793157 -3.24237867
-7.1684339707894 -0.6458595783859262 -3.67412566 -3.28943391
-7.1762464707894 -0.3177502279567228 -3.83772386 -3.24712276
-7.1840589707894 -0.0005979470946349332 -3.78246284 -3.28540527
-7.1918714707894 -2.83621191765522  3.56742982 -1.33925501
-7.1996839707894 -0.307369168181686  3.58374217 -1.98783079
-7.2074964707894 -0.44699285061824073 2.91458024 1.93357332
-7.2153089707894 -0.3751027073133859 -3.85657529 -3.27495063
-7.2231214707894 -0.3802730683229193 3.09542967 1.86544922
-7.2309339707894 -0.391011502163623  3.49831284 -1.86267615
-7.2387464707894 -0.6788258163630848  3.4727922  -1.75719131
-7.2465589707894 -1.1967021857585514  3.72409219 -1.97733293
-7.2543714707894 -2.869198253666725  3.6681879  -1.41307224
-7.2621839707894 -0.39711541200424655  3.57266408 -2.00263492
-7.2699964707894 -2.1526527256029255 -2.57771406  3.00189901
-7.2778089707894 -2.0950555606513936 -2.55665337  3.04470969
-7.2856214707894 -0.5433347929033017 -2.90546301  3.06035596
-7.2934339707894 -2.0218571119072104 -3.03910836  3.18281336
-7.3012464707894 -0.9892350255456759 -2.75049638  3.27602649
-7.3090589707894 -0.18096679621585773 -2.86999294  3.16416391
-7.3168714707894 -2.253327768286548 -3.93547893 -3.4696282 
-7.3246839707894 -0.13563681885014442 -3.81668629 -3.25823313
-7.3324964707894 -0.3690735330516928 -2.80760094  3.22573609
-7.3403089707894 -4.056352797434469 2.67604979 2.39291787
-7.3481214707894 -0.4985480321188355  3.67850854 -1.82542669
-7.3559339707894 -0.06504027135882602  3.56945508 -1.90431845
-7.3637464707894 -0.278596895745193  3.51920832 -1.76476611
-7.3715589707894 -1.2619523942906254 -2.72162311  2.96481949
-7.3793714707894 -0.1567949487329136 -2.81257059  3.19292711
-7.3871839707894 -0.08913163454652101  3.59453606 -1.77360157
-7.3949964707894 -0.04372429110544388  3.56190299 -1.80751412
-7.4028089707894 -0.35829763423843897 -3.78954443 -3.19594582
-7.4106214707894 -0.4709599485072842 -3.83895143 -3.38005127
-7.4184339707894 -3.8533870936409693 -3.96046256 -3.54363622
-7.4262464707894 -1.979002684902815 -3.67209875 -3.06439152
-7.4340589707894 -0.5432867189884025 -3.87444375 -3.34512163
-7.4418714707894 -0.2263407410057576 -3.71657509 -3.28389034
-7.4496839707894 -0.07877335721269006  3.56112676 -1.78239184
-7.4574964707894 -0.08016519193249527 -3.77474071 -3.23909985
-7.4653089707894 -0.7634595419471666  3.46155566 -1.79077655
-7.4731214707894 -0.5416757384399291  3.48212543 -1.78865322
-7.4809339707894 -1.7359919686563905  3.39654292 -1.82716549
-7.4887464707894 -0.15131547331286466  3.57167938 -1.94179295
-7.4965589707894 -0.7937206108724636  3.4746567  -1.93592625
-7.5043714707894 -0.57133045088003  3.64567639 -1.69850697
-7.5121839707894 -0.8098600307069225  3.68891076 -1.74663003
-7.5199964707894 -1.3907210501591236  3.5272695  -2.10841564
-7.5278089707894 -0.1539319004097503  3.58098831 -1.74217843
-7.5356214707894 -0.6783133251350707 -3.6890818  -3.32986474
-7.5434339707894 -0.6831185309583533 -3.7327636  -3.15209089
-7.5512464707894 -0.2839877369543506 -3.8512164  -3.30077281
-7.5590589707894 -1.6531824474311834 2.85941414 1.82504517
-7.5668714707894 -0.13213735810527327 2.9567848  1.95862214
-7.5746839707894 -0.2066581889861234  3.61381613 -1.74794118
-7.5824964707894 -1.0650442951829757 2.94497931 1.78276199
-7.5903089707894 -0.12606949641768142 2.94535518 2.07540042
-7.5981214707894 -1.3607127862236947 -2.96846314  3.02601839
-7.6059339707894 -2.948772154440737 -2.48753151  3.09887741
-7.6137464707894 -0.8123202220343342 -2.66648662  3.05428088
-7.6215589707894 -1.9104943418997455 -2.74463895  3.33474246
-7.6293714707894 -0.6474502293846354 -2.72341168  3.23227163
-7.6371839707894 -0.41070285523980643 -2.74664749  3.2157089 
-7.6449964707894 -0.31785939015025405 -2.89426088  3.09639708
-7.6528089707894 -1.1536515072484215 -3.63032633 -3.21857558
-7.6606214707894 -2.0340638765966714 -3.90442298 -3.15901262
-7.6684339707894 -0.20561251879151457 -3.74512968 -3.21445198
-7.6762464707894 -1.353973147357677 2.78685301 2.15824109
-7.6840589707894 -0.3422972144926864 2.96859527 2.14829119
-7.6918714707894 -0.9605707458958754 -2.65356954  3.04808427
-7.6996839707894 -0.6014481155267483 -2.66621877  3.13959775
-7.7074964707894 -0.19022519054164758 -2.8576633   3.08205988
-7.7153089707894 -0.5622473965880325  3.65816381 -1.72597295
-7.7231214707894 -0.5561187837515157  3.47907152 -1.8244166 
-7.7309339707894 -2.623975395852214  3.53102684 -2.21503503
-7.7387464707894 -1.355781727153288  3.48090334 -2.05235115
-7.7465589707894 -0.19264719734492827 3.02315521 2.08642491
-7.7543714707894 -0.6281118864535287 3.07341234 2.11754122
-7.7621839707894 -1.760063290908498 2.77822563 2.2480452 
-7.7699964707894 -0.43800408164001625 3.02183193 1.82154316
-7.7778089707894 -0.11047971746418753 3.05889806 1.97010893
-7.7856214707894 -0.6053199757892828 -3.86119674 -3.23585998
-7.7934339707894 -0.36317200215921736 -3.79817183 -3.3762019 
-7.8012464707894 -0.25623116674005736 -3.84077932 -3.33616829
-7.8090589707894 -1.0002978133619451 -2.8444815   3.28213195
-7.8168714707894 -0.6105777400151291 -2.92868559  3.08426739
-7.8246839707894 -0.12349012124895073 -2.82072592  3.18473087
-7.8324964707894 -1.1280529617186679 3.07392161 2.18577628
-7.8403089707894 -1.840867613823982 3.12806507 2.19361176
-7.8481214707894 -0.05191312914977633 2.95902576 2.02818578
-7.8559339707894 -0.7891356137086418  3.50270739 -1.6401983 
-7.8637464707894 -0.3531327176483847  3.66625717 -1.86539654
-7.8715589707894 -0.5627898509571057  3.48473133 -1.89107116
-7.8793714707894 -3.0640219713581134  3.65766129 -1.38006244
-7.8871839707894 -0.19144820562342502  3.64484913 -1.86033738
-7.8949964707894 -1.570577504871834 -2.57673931  3.11164344
-7.9028089707894 -0.034944597663592016 -2.77214389  3.1318506 
-7.9106214707894 -0.23697550248246035 -2.74684433  3.07321233
-7.9184339707894 -0.4209121119833464 2.96862185 1.86269585
-7.9262464707894 -3.0049058117931513 3.16138628 2.24691515
-7.9340589707894 -0.9364684882187292 2.92700977 2.24087433
-7.9418714707894 -0.8173257271439103 2.86924837 1.94046437
-7.9496839707894 -0.2644733339423028 3.04523838 1.8595699 
-7.9574964707894 -0.5075080279644658 -2.68249467  3.16024004
-7.9653089707894 -1.3703643131986813 -2.72465583  3.29562555
-7.9731214707894 -2.2513049895892174 -2.85654351  3.35639322
-7.9809339707894 -0.017574267656836996 -2.80330427  3.11037588
-7.9887464707894 -2.58548671431158 -2.57413926  2.96601139
-7.9965589707894 -0.702124607128687 -2.65511405  3.14333217
-8.004371470789401 -0.6516879236529114 -2.67087809  3.17647998
-8.012183970789401 -1.6754294558218874 -3.02162204  3.10292192
-8.019996470789401 -3.254349963138367 -2.86956698  3.39976509
-8.027808970789401 -0.3553670299095506 -2.80175889  3.03589896
-8.035621470789401 -0.2564395008764697 -2.82266959  3.05232004
-8.043433970789401 -0.4771731288152185 -3.79070797 -3.18211001
-8.051246470789401 -1.7028993782428743 -3.94185751 -3.40398619
-8.059058970789401 -0.3024927208127248 -3.7691656 -3.1967578
-8.066871470789401 -0.22034157763918408 3.07643499 1.99920313
-8.074683970789401 -0.5938270908237191  3.49791737 -1.94811816
-8.082496470789401 -0.18191678560894858  3.63840012 -1.81614784
-8.090308970789401 -2.4454452552807338 2.72444301 2.26353814
-8.098121470789401 -0.25961996342860333 2.91024478 2.02097497
-8.105933970789401 -1.1125877135391395 3.16827929 1.77887776
-8.113746470789401 -0.1121647909730506 3.05624647 1.9930524 
-8.121558970789401 -0.4748180292677311  3.5172028  -1.95970461
-8.129371470789401 -1.7491446695668076  3.43078781 -2.00848758
-8.137183970789401 -1.585914741263659  3.59080983 -2.15436628
-8.144996470789401 -0.06609798369072203  3.61763947 -1.8800032 
-8.152808970789401 -0.6457365825981382  3.4713624  -1.84305305
-8.160621470789401 -0.9215894759897071  3.64624489 -1.63108791
-8.168433970789401 -0.10209285013389588  3.54894047 -1.78781807
-8.176246470789401 -0.8220194267964414 3.15688023 1.93560375
-8.184058970789401 -0.7565709980259276 2.86217159 1.97318992
-8.191871470789401 -0.4037589535447047 2.91696314 2.14904371
-8.199683970789401 -0.20340892597700816 2.94022972 2.10615328
-8.207496470789401 -0.058961036198641424  3.61345548 -1.82280626
-8.215308970789401 -0.8486415516550617 -3.87834565 -3.39646655
-8.223121470789401 -1.6458108735671222 -3.60475334 -3.18067599
-8.230933970789401 -0.6937517098369737 -3.86185494 -3.39288663
-8.238746470789401 -0.7256875693410054 -3.80783419 -3.16606554
-8.246558970789401 -1.0703647272520507 -3.64941187 -3.17272344
-8.254371470789401 -1.1638173136625563 -3.81422978 -3.13343375
-8.262183970789401 -1.4254610640763614 -3.75454704 -3.09202671
-8.269996470789401 -2.124865094675322 -3.58405726 -3.28670672
-8.277808970789401 -0.22499875806153327 -3.72749608 -3.30996677
-8.285621470789401 -2.823206350859998 -3.66217298 -3.46045833
-8.293433970789401 -0.20603830779957766 -3.83861219 -3.284139  
-8.301246470789401 -0.6514607278114964 3.11710537 1.80815088
-8.309058970789401 -0.45438763267500276 3.0706965 2.088353 
-8.316871470789401 -0.9982816874429453 2.85278241 1.93964506
-8.324683970789401 -1.4221180295500764 2.87639087 1.82753781
-8.332496470789401 -3.629897388809396 2.70378711 2.38409714
-8.340308970789401 -0.2932805312002392 2.90151464 2.04881149
-8.348121470789401 -0.24250635045448332 3.0709805  2.02721836
-8.355933970789401 -0.03944527432112598 -3.76139755 -3.25482636
-8.363746470789401 -0.8623152267456773 -2.94386158  3.06034246
-8.371558970789401 -0.5189308233731456 -2.87043571  3.22780849
-8.379371470789401 -0.8526652480019984 -2.83000071  3.27253203
-8.387183970789401 -0.5776756015710376 -2.7973236   3.00924637
-8.394996470789401 -0.13650347520680856 -2.74698549  3.15700019
-8.402808970789401 -0.5313833210992793 2.88641438 2.15102102
-8.410621470789401 -0.973866231961944 2.99758678 1.74713157
-8.418433970789401 -0.6138029119566429 3.11083358 2.04663825
-8.426246470789401 -0.6085345543882624 2.93780836 2.1960895 
-8.434058970789401 -0.39506868719427074 3.10702396 1.97490491
-8.441871470789401 -3.697450719889826 3.22504919 1.42831266
-8.449683970789401 -0.5450703706694537 2.97458685 1.83291058
-8.457496470789401 -0.07389102165963585 2.9532932  2.00689939
-8.465308970789401 -0.35794378306628405 -2.90471517  3.10776334
-8.473121470789401 -0.15924895318788546 -2.73915413  3.10712141
-8.480933970789401 -0.9613457382961409 2.8953121 2.2380601
-8.488746470789401 -0.5459903134492868 3.09418692 2.06715462
-8.496558970789401 -0.5018965701395458 2.90227878 1.94400209
-8.504371470789401 -2.0372404990005415 2.84363733 1.80489029
-8.512183970789401 -1.532336509365037 3.1334794  1.64941377
-8.519996470789401 -0.4182734880774568 3.06885509 1.82534346
-8.527808970789401 -0.46383157275464704 2.87572913 2.05881609
-8.535621470789401 -0.0569606595120351 2.98019458 2.06196292
-8.543433970789401 -1.4079719820643715 2.90511362 2.29141807
-8.551246470789401 -0.9756313955909249 2.81832663 2.11973974
-8.559058970789401 -0.3839251659145241 2.96095246 1.87893345
-8.566871470789401 -1.929994580421776 3.15951045 2.1539547 
-8.574683970789401 -0.5759832961251745 2.86147398 2.09374053
-8.582496470789401 -0.4095919038852053 2.89027103 2.11252932
-8.590308970789401 -0.8337631787308365 2.95550258 2.22638421
-8.598121470789401 -1.1029761137047636 3.09240723 1.70026267
-8.605933970789401 -0.17853290434170166 3.04745985 1.88902804
-8.613746470789401 -1.6758443960408602 -3.63971568 -3.11041663
-8.621558970789401 -0.24116616380653488 -3.83690382 -3.26461201
-8.629371470789401 -1.0313518186656667  3.6766082 -1.6648327
-8.637183970789401 -0.24820273180198066  3.51686735 -1.86655463
-8.644996470789401 -0.5005392597798871 -2.68673272  3.08898177
-8.652808970789401 -0.411401727144112 -2.87847131  3.20757962
-8.660621470789401 -0.8784136974143038 -2.79834525  2.9800027 
-8.668433970789401 -1.0391746940413022 -2.6765472   3.01259058
-8.676246470789401 -0.7843800863338781 -2.79542709  3.2676097 
-8.684058970789401 -1.2158215413946318 -2.80833455  3.30074549
-8.691871470789401 -0.18414192915759522 -2.77914005  3.19378033
-8.699683970789401 -0.9931020414329015 -3.75839188 -3.12439553
-8.707496470789401 -3.1522219611630096 -3.55771024 -3.08190145
-8.715308970789401 -0.18338240105072792 -3.7351391  -3.22592482
-8.723121470789401 -1.4301111109632674 2.91973569 1.76566784
-8.730933970789401 -0.4977736906785996 2.87432999 2.03272446
-8.738746470789401 -1.0412651467052632 3.0305849  1.71860613
-8.746558970789401 -0.3031006240511417 2.92271618 1.96006386
-8.754371470789401 -0.29658371074982326 3.04602623 1.85063674
-8.762183970789401 -0.8887537411585178 2.88464904 2.22270443
-8.769996470789401 -0.3324260390405087 2.92213198 1.95148412
-8.777808970789401 -0.3792080026232386 2.88775674 2.05545115
-8.785621470789401 -0.6916925783245979 3.10834439 1.78635087
-8.793433970789401 -0.9023836422453938 2.84069137 2.17650165
-8.801246470789401 -0.30077678455812296 3.08577202 1.88252362
-8.809058970789401 -0.4549775825840316 3.10261541 2.02138767
-8.816871470789401 -0.23932942281247704 2.93630071 1.95431667
-8.824683970789401 -0.7213089866187907  3.56705638 -1.60976621
-8.832496470789401 -0.5802690342128228  3.53945543 -2.01208647
-8.840308970789401 -0.5610154801853873  3.48013467 -1.78920712
-8.848121470789401 -0.7982433940118073  3.47133517 -1.71093902
-8.855933970789401 -0.29845101445467975  3.6423496  -1.95008958
-8.863746470789401 -0.30123904094905596  3.536576  -1.7196796
-8.871558970789401 -1.1427250170424166  3.58573095 -2.11020054
-8.879371470789401 -0.8585833891628665  3.54204449 -2.05694047
-8.887183970789401 -1.325568684403065  3.71968662 -2.02396563
-8.894996470789401 -0.6908528442456221  3.66031552 -2.01988092
-8.902808970789401 -1.898369447718353  3.75315481 -1.7311939 
-8.910621470789401 -0.5513368108935053  3.47968442 -1.83394329
-8.918433970789401 -0.13999878152088902  3.62158683 -1.78822808
-8.926246470789401 -0.6954392066857746  3.48453644 -1.93916019
-8.934058970789401 -2.3039225734730477  3.42704617 -1.50262885
-8.941871470789401 -1.5650789345226728  3.59169752 -2.15258666
-8.949683970789401 -0.5082320080587798  3.66432848 -1.75793877
-8.957496470789401 -1.6853124973115865 2.81739455 1.89902512
-8.965308970789401 -0.42390457329218334 2.88446686 2.10072804
-8.973121470789401 -0.37964901089108255 3.01299588 2.13648558
-8.980933970789401 -0.2893425475405245 2.95483859 2.1369673 
-8.988746470789401 -0.7958033207678354 3.15352439 1.9451418 
-8.996558970789401 -0.08694219470795012 2.95546123 2.06398268
-9.004371470789401 -0.7925300276994299  3.63433238 -2.05996404
-9.012183970789401 -3.9582181561067733  3.81735365 -1.64257824
-9.019996470789401 -1.108495709255651 2.80516643 2.10644531
-9.027808970789401 -3.109501698441143 2.66673728 2.20147707
-9.035621470789401 -0.16172263738962686 3.07116549 1.96277932
-9.043433970789401 -0.2308204165695993 2.9137138  2.03159456
-9.051246470789401 -2.216397314510058  3.44092496 -1.48985077
-9.059058970789401 -0.08627960645026549  3.6229909  -1.88134869
-9.066871470789401 -0.3192743182559141 2.94395274 2.14190197
-9.074683970789401 -0.05205315756676283 3.03995935 1.98633716
-9.082496470789401 -0.939653298920103 -3.83762026 -3.16937545
-9.090308970789401 -1.3005097571359212 -3.92740045 -3.28923358
-9.098121470789401 -0.4198003787277167 -3.86446845 -3.28826756
-9.105933970789401 -1.586402923163083 -3.61356519 -3.1640679 
-9.113746470789401 -0.511186786947345 -3.70684467 -3.18544063
-9.121558970789401 -0.4034429043694553 -3.74024027 -3.18362922
-9.129371470789401 -0.38372560525468696 -3.74487502 -3.18540295
-9.137183970789401 -1.0667769506631735 -3.64688382 -3.3013649 
-9.144996470789401 -0.1604992555952192 -3.812097  -3.3413148
-9.152808970789401 -0.8696472990252325  3.48766796 -1.98740664
-9.160621470789401 -0.8671273639642573 3.13942771 1.78457775
-9.168433970789401 -1.1708031716752245 3.01421018 2.24002473
-9.176246470789401 -0.6146717713867604 2.88266282 2.1685382 
-9.184058970789401 -0.45465221909387754 3.09794462 2.03427974
-9.191871470789401 -0.24972632321573834 2.9096547  2.06420634
-9.199683970789401 -2.220563303515612 2.72233662 2.10800532
-9.207496470789401 -0.7576285520769166 2.9500486  1.82223759
-9.215308970789401 -0.6495676348849666 2.88786801 2.18193291
-9.223121470789401 -0.4203837732468667 2.88186417 2.07773929
-9.230933970789401 -0.5293756177654625 3.12582529 1.88848495
-9.238746470789401 -0.04309269776474847 3.03437111 1.96050188
-9.246558970789401 -0.015692982846077994  3.59372474 -1.87774412
-9.254371470789401 -1.6138605053326605 2.77274051 2.20064908
-9.262183970789401 -3.427581557041262 2.78464907 1.7626991 
-9.269996470789401 -0.4701782091598962 2.94333121 1.88234066
-9.277808970789401 -0.8274619330220861 2.93008695 1.83535386
-9.285621470789401 -1.0883276997406137 2.85214715 2.23066742
-9.293433970789401 -0.7563149885986855 3.07538895 1.75543415
-9.301246470789401 -2.3732620486590505 2.71288899 2.10742226
-9.309058970789401 -0.26502599971655383 3.06975587 2.03884018
-9.316871470789401 -0.5887046842920033 2.91327751 2.18659314
-9.324683970789401 -0.04675558224354159 2.99594721 2.05383934
-9.332496470789401 -0.4732776929069484 -2.69265706  3.17299541
-9.340308970789401 -0.500946567151533 -2.76565648  3.02300254
-9.348121470789401 -2.361281801504679 -2.85581637  2.88438776
-9.355933970789401 -0.033442913971332075 -2.79974431  3.10267108
-9.363746470789401 -0.9410683492553229 -2.63320531  3.09703462
-9.371558970789401 -0.6937158738739373 -2.94753964  3.14071551
-9.379371470789401 -0.18270359968811764 -2.73330605  3.10799577
-9.387183970789401 -3.257427640403187 2.81341478 2.42183561
-9.394996470789401 -5.723629440040509 3.3934473  1.87523036
-9.402808970789401 -0.4142216867677095  3.50388501 -1.90606624
-9.410621470789401 -6.270473182219673  3.26397757 -1.38983577
-9.418433970789401 -0.5792225909576575  3.67716348 -1.7778921 
-9.426246470789401 -0.5424630363483612  3.67403848 -1.77948913
-9.434058970789401 -1.3852142227452067  3.74189777 -1.94124661
-9.441871470789401 -0.31555692009056363  3.65854442 -1.82344518
-9.449683970789401 -2.0178298811359525  3.69415726 -1.55014934
-9.457496470789401 -1.0461734743223232  3.55957516 -1.55689922
-9.465308970789401 -0.11564928300273558  3.54122682 -1.79968215
-9.473121470789401 -1.5390554458678551 -3.87363441 -3.46256061
-9.480933970789401 -2.0157573869806416 -3.86204354 -3.11299634
-9.488746470789401 -0.11181922243790555 -3.82117507 -3.31592234
-9.496558970789401 -0.8370084083934305 -3.84349125 -3.18470611
-9.504371470789401 -3.958426386623378 -3.87315261 -3.02333094
-9.512183970789401 -1.639670088065316 -3.74001978 -3.45434211
-9.519996470789401 -0.15624668825381588 -3.81816043 -3.25446775
-9.527808970789401 -0.35351947740710454 -2.85619763  3.04941353
-9.535621470789401 -0.5493145586697155 -2.92950382  3.10779262
-9.543433970789401 -1.1331530619207013 -2.62490521  3.06744984
-9.551246470789401 -1.5133935844416793 -2.94786319  2.98671086
-9.559058970789401 -1.1525840245689998 -2.66020782  3.23834974
-9.566871470789401 -0.17365532350391516 -2.78151559  3.06810531
-9.574683970789401 -1.2118640857120646 3.18479662 1.95777547
-9.582496470789401 -0.5704222449426827 2.87337547 1.9994903 
-9.590308970789401 -0.47252224646289676 3.11229996 1.86459222
-9.598121470789401 -3.8396503357672698 2.66226915 2.34938966
-9.605933970789401 -0.4811363761994476 3.12143585 1.90766778
-9.613746470789401 -0.7011522080207702 3.03497751 1.76859287
-9.621558970789401 -0.9293500326456894 3.11576759 2.10000697
-9.629371470789401 -0.6444492062190738 2.99467182 1.79917695
-9.637183970789401 -1.226075804098725 3.02839794 2.23632859
-9.644996470789401 -0.42533629121381233 2.88571191 2.02114533
-9.652808970789401 -2.5614053763206663 3.22033894 2.1001777 
-9.660621470789401 -0.20884889675428475 3.06920599 1.89807072
-9.668433970789401 -0.5877794970077427 -3.88210341 -3.3267427 
-9.676246470789401 -0.6455808214217207 -3.86968202 -3.37749832
-9.684058970789401 -0.665954700291614 -3.8350067  -3.19385275
-9.691871470789401 -0.31132598390184313 -3.77191254 -3.19606367
-9.699683970789401 -0.39397086085007943 -3.7638673  -3.18377586
-9.707496470789401 -0.04729463836925206 -3.76607833 -3.3081936 
-9.715308970789401 -1.8161937430571031 2.86197836 1.80100232
-9.723121470789401 -1.0562360394894152 2.82176382 2.17721907
-9.730933970789401 -2.0385953997461477 3.09456567 1.57666151
-9.738746470789401 -0.15789600367333972 3.06088746 1.91286726
-9.746558970789401 -0.7006424643241332 -3.74534106 -3.39106809
-9.754371470789401 -0.0741039620414137 -3.75092008 -3.24728475
-9.762183970789401 -1.9870926645198708 -2.94530615  3.30970674
-9.769996470789401 -0.9668180157689814 -2.70655733  2.99872578
-9.777808970789401 -0.008972771299555798 -2.82159442  3.12992357
-9.785621470789401 -0.6501936308638977 -2.67803795  3.06758739
-9.793433970789401 -3.3464672793248966 -2.67930288  3.38463416
-9.801246470789401 -1.5947273732780423 -2.68055916  3.29084292
-9.809058970789401 -0.2238298441461723 -2.74871036  3.07469397
-9.816871470789401 -2.3445441687111854 -2.89771579  3.35164782
-9.824683970789401 -0.702160721739813 -2.69319893  3.04017059
-9.832496470789401 -0.25530022580398104 -2.89020703  3.15065946
-9.840308970789401 -0.306124539250083 -2.85408389  3.05596062
-9.848121470789401 -0.15343270538895593 -2.76206516  3.08185238
-9.855933970789401 -0.976118536529526  3.51912787 -2.05167055
-9.863746470789401 -0.19733872308035816  3.63322276 -1.92818622
-9.871558970789401 -1.714684339673985 -3.94912869 -3.38268667
-9.879371470789401 -0.20297769289998574 -3.72193424 -3.23875399
-9.887183970789401 -1.7777072919186925 2.7580127  2.06006037
-9.894996470789401 -1.3610503151659021 2.93720246 1.75334671
-9.902808970789401 -0.05214244563802009 2.96491716 1.99154281
-9.910621470789401 -0.3053391594431904  3.51466519 -1.76583919
-9.918433970789401 -0.07932684242115619  3.61068088 -1.79945147
-9.926246470789401 -2.206239342587158 -3.57190942 -3.24282174
-9.934058970789401 -0.9009086467655221 -3.89330961 -3.38240196
-9.941871470789401 -0.15935735684499774 -3.78285986 -3.34374481
-9.949683970789401 -0.12241852134312958 -3.81436422 -3.2587612 
-9.957496470789401 -0.8374244542379942 3.14320555 1.80165304
-9.965308970789401 -0.5247225021258959 3.0595236  1.79826391
-9.973121470789401 -0.2126334396168328 2.95909682 1.92542864
-9.980933970789401 -0.4841531039436493 2.89257361 2.14571846
-9.988746470789401 -0.6220796183881485 3.13407188 1.86550443
-9.996558970789401 -1.085849740295333 3.16298296 1.7728579 
-10.004371470789401 -0.14138522160600375 2.96360721 2.09578641
-10.012183970789401 -2.954353216905068 -3.55275611 -3.11449754
-10.019996470789401 -2.245574435581381 -3.59191474 -3.11685681
-10.027808970789401 -1.176516188949996 -3.63049222 -3.26477825
-10.035621470789401 -0.25651649437632923 -3.75909425 -3.34904875
-10.043433970789401 -1.1047059595454147 -3.64634398 -3.17287392
-10.051246470789401 -0.9386060105366894 -3.75475264 -3.12832307
-10.059058970789401 -1.3412779213229173 -3.65511858 -3.12873858
-10.066871470789401 -2.0370363025352143 -3.95278219 -3.25057687
-10.074683970789401 -0.9010536898564889 -3.86122082 -3.41653393
-10.082496470789401 -0.14563365393319783 -3.74378844 -3.22912686
-10.090308970789401 -0.9894808916661988 3.13212163 2.07762287
-10.098121470789401 -0.49632144934880895 2.87993757 2.00732356
-10.105933970789401 -0.535315131708687 2.94942975 1.86157731
-10.113746470789401 -0.8068002761105252 2.83694667 2.1242511 
-10.121558970789401 -1.5098638602081242 3.05151469 1.64934425
-10.129371470789401 -2.1267269692336503  3.74519181 -2.09138657
-10.137183970789401 -0.009132595444765638  3.5714529  -1.85078927
-10.144996470789401 -0.11138173225691529 2.97106866 1.94540584
-10.152808970789401 -1.7817871612868155  3.51492303 -1.46801243
-10.160621470789401 -1.162002728481142  3.69917777 -1.69478751
-10.168433970789401 -1.2415814111821082  3.51008212 -1.54896465
-10.176246470789401 -0.24585353630973722  3.65131974 -1.83697022
-10.184058970789401 -0.29346543776712886  3.57972596 -1.98365599
-10.191871470789401 -2.11068403159587 3.17303193 2.14934891
-10.199683970789401 -0.27411634562225284  3.59051418 -1.70852237
-10.207496470789401 -1.105668755429096  3.50378114 -1.57757429
-10.215308970789401 -0.7257182586877181  3.46477538 -1.8481014 
-10.223121470789401 -1.6889440507067728  3.75511597 -1.97197549
-10.230933970789401 -0.24122212948997446  3.55039087 -1.94937492
-10.238746470789401 -2.005215353693894  3.45252358 -1.5022281 
-10.246558970789401 -0.23815492366732655  3.65064945 -1.88649774
-10.254371470789401 -0.1335701551686517  3.63488565 -1.85451201
-10.262183970789401 -0.4324041830608176 3.09915026 2.02357349
-10.269996470789401 -0.20366377166359678 2.98640065 1.89773014
-10.277808970789401 -0.3195831504820871 2.96408228 2.14402906
-10.285621470789401 -0.9229524574149757 3.13502526 2.05801839
-10.293433970789401 -0.023867074592602566 3.01911216 1.96126386
-10.301246470789401 -0.4253683739153282 2.94236446 2.16450506
-10.309058970789401 -3.1627705285073735 3.17100257 2.24540888
-10.316871470789401 -1.0453398239317366 3.15682911 2.02446466
-10.324683970789401 -4.701018530068946 2.99046576 1.39464546
-10.332496470789401 -0.6117655056604011 2.86937359 1.99737604
-10.340308970789401 -1.5863101774716508 2.90509586 1.76572372
-10.348121470789401 -0.5824438304882401 3.05334624 1.78643484
-10.355933970789401 -0.9576971902406409 3.07482997 1.72118058
-10.363746470789401 -0.21894850160411794 3.08090548 1.97567364
-10.371558970789401 -0.3301415145949568 3.03894874 1.84163899
-10.379371470789401 -0.3667141428691257 2.9996345  2.14231209
-10.387183970789401 -1.7078236175336872 2.95115851 1.69823485
-10.394996470789401 -0.08871737232644343 2.94616672 2.03311816
-10.402808970789401 -2.3441653906475324 2.7483275  2.29310975
-10.410621470789401 -0.26614998320010214 3.08795957 1.91180247
-10.418433970789401 -0.18766614460331185 2.97018509 2.1113654 
-10.426246470789401 -1.057454630617244  3.47517651 -1.99632002
-10.434058970789401 -0.09857191427222306  3.54385166 -1.87012748
-10.441871470789401 -2.1907213443859828 -2.92144766  3.33456052
-10.449683970789401 -0.11737057943111232 -2.85454527  3.10167958
-10.457496470789401 -0.3600161796732241 -2.90801746  3.12283441
-10.465308970789401 -0.46584742992390843 -2.90916572  3.18270491
-10.473121470789401 -0.08536420671832197 -2.77263601  3.09479672
-10.480933970789401 -1.164155159142388 2.90547349 2.26562458
-10.488746470789401 -0.5550394781667003 2.86346288 2.07546044
-10.496558970789401 -0.1725513546280227 3.02656662 1.88698658
-10.504371470789401 -3.039501351346534 -4.00927576 -3.33419999
-10.512183970789401 -0.5311157718776016 -3.83017626 -3.20461426
-10.519996470789401 -4.256273709143317 -3.61166128 -3.47780854
-10.527808970789401 -1.9495789958270349 -3.60414674 -3.32065584
-10.535621470789401 -0.4905116934052153 -3.69129513 -3.29905661
-10.543433970789401 -0.6496324402521013 -3.71684799 -3.36274925
-10.551246470789401 -0.13956135359138835 -3.72805646 -3.27076542
-10.559058970789401 -2.1871152233314817 -2.66616281  2.92369388
-10.566871470789401 -0.31492837246756755 -2.82508624  3.21715408
-10.574683970789401 -2.402606974512933 -3.01039108  3.28323462
-10.582496470789401 -0.28393452020102394 -2.81357774  3.04664054
-10.590308970789401 -0.808768293247724 -2.95825968  3.12049351
-10.598121470789401 -0.8914536136555651 -2.65482343  3.05794796
-10.605933970789401 -0.2804969371313222 -2.87651428  3.18449859
-10.613746470789401 -0.9720269697770532 -2.91389383  3.01083417
-10.621558970789401 -1.4705354316180372 -2.75846602  2.93827083
-10.629371470789401 -0.047218798074419116 -2.78551282  3.16026748
-10.637183970789401 -0.5171696379671391 3.09412144 1.81718722
-10.644996470789401 -0.007240152647116585 2.98700821 1.99675283
-10.652808970789401 -2.8719279389943804 -3.90145627 -3.10294143
-10.660621470789401 -0.310179662946953 -3.795218   -3.36913691
-10.668433970789401 -0.9262937920552782 -3.88201794 -3.22751138
-10.676246470789401 -1.2941053069638195 -3.65973947 -3.35644478
-10.684058970789401 -0.21163551960360175 -3.75728541 -3.34057618
-10.691871470789401 -0.358379207666028 -3.80786629 -3.2071271 
-10.699683970789401 -0.9431696157258894 -3.64673688 -3.21188787
-10.707496470789401 -1.8709694244298745 -3.66474891 -3.07548213
-10.715308970789401 -0.018560534407847582 -3.79316462 -3.27395578
-10.723121470789401 -0.3379559940317612 -2.79524407  3.22111149
-10.730933970789401 -2.743144976189308 -2.90381637  2.87691937
-10.738746470789401 -0.13773615577038528 -2.79021742  3.18753051
-10.746558970789401 -1.1266960488663256  3.72217935 -1.96316631
-10.754371470789401 -1.9808306680867651  3.42339572 -2.02532991
-10.762183970789401 -1.7342671359152115  3.52228151 -1.47049659
-10.769996470789401 -1.1221858349338665  3.63800301 -2.10065905
-10.777808970789401 -0.9576559799597032  3.44689159 -1.85176149
-10.785621470789401 -1.307242611378947  3.70174853 -1.6735303 
-10.793433970789401 -1.1416296010219293  3.58983634 -1.54816564
-10.801246470789401 -1.098781690905679  3.60147794 -2.10663041
-10.809058970789401 -1.9114059227025801  3.39034508 -1.72758366
-10.816871470789401 -0.21341852741113107  3.51954126 -1.83562087
-10.824683970789401 -0.8861165678966814  3.69260704 -2.00064143
-10.832496470789401 -4.965235001602028  3.78899587 -1.44013348
-10.840308970789401 -0.2814867283836959  3.52683668 -1.74321102
-10.848121470789401 -1.0826747388280078  3.55150261 -1.55234032
-10.855933970789401 -2.8099145863745383  3.68753135 -1.44697421
-10.863746470789401 -1.3260442795464056  3.74131805 -1.87467062
-10.871558970789401 -0.165859590067845  3.53694531 -1.77618796
-10.879371470789401 -0.1918158863306803 -2.755501    3.07698172
-10.887183970789401 -0.15448244199951447 -2.84344787  3.18290136
-10.894996470789401 -0.25557118007305507 2.97663301 1.8926855 
-10.902808970789401 -0.35418353823502247 3.05385096 1.83676556
-10.910621470789401 -0.14311455944698565 2.93451183 2.06384392
-10.918433970789401 -1.813562604103021 -2.7912615   2.91166255
-10.926246470789401 -0.20970233089522852 -2.74530653  3.08108389
-10.934058970789401 -3.3300900726241096 -2.65178543  2.86342858
-10.941871470789401 -1.1560241577393726 -2.6106534   3.14269376
-10.949683970789401 -0.4410678084177154 -2.71894999  3.2006244 
-10.957496470789401 -1.0098168271112264 -2.96135835  3.06661833
-10.965308970789401 -1.2051763093524115 -2.97391682  3.05737037
-10.973121470789401 -1.411261287830182 -2.81102838  2.93834255
-10.980933970789401 -2.5170550514229317 -2.63647422  3.32378427
-10.988746470789401 -0.9790119361399522 -2.90767267  3.25529695
-10.996558970789401 -3.2364278583762927 -2.78097769  3.40218104
-11.004371470789401 -0.09954972148354951 -2.77566648  3.08833936
-11.012183970789401 -0.1953056383931282 -2.86947284  3.09406285
-11.019996470789401 -0.45429726015518906 -2.92026586  3.14557608
-11.027808970789401 -0.937826214710721 -2.9311813   3.23130881
-11.035621470789401 -0.3410285103049766 -2.8585797   3.20953814
-11.043433970789401 -0.5082108623551875 -2.88920981  3.21381931
-11.051246470789401 -1.2465289454397914 -2.92005152  3.27123335
-11.059058970789401 -0.3308482508000361 -2.74889471  3.05382976
-11.066871470789401 -1.1355933884368357 -2.96664771  3.05477118
-11.074683970789401 -0.47530415523152714 -2.90929298  3.07986788
-11.082496470789401 -2.248514759559163 -2.81527462  2.88576852
-11.090308970789401 -0.06166549878385977 -2.8286907   3.09861883
-11.098121470789401 -0.04762366952762218 2.97412017 1.97524135
-11.105933970789401 -1.2064084178529872 -2.60546738  3.1240892 
-11.113746470789401 -0.9474230723799499 -2.95693778  3.19570987
-11.121558970789401 -0.034396208743876514 -2.82438925  3.10799623
-11.129371470789401 -0.24587124958806972 -3.80287333 -3.22022818
-11.137183970789401 -0.15811463840751377 -3.8284486  -3.32336565
-11.144996470789401 -0.3571277617923812  3.51313637 -1.91356821
-11.152808970789401 -0.07599979141139586  3.62076214 -1.8345726 
-11.160621470789401 -1.1251540094906949 2.8077353  2.15311044
-11.168433970789401 -4.382877613990941 3.3331497  1.54363916
-11.176246470789401 -1.7938749896484623 3.22236655 1.95497712
-11.184058970789401 -0.7880390713742444 3.01141284 2.19887385
-11.191871470789401 -1.5850706020898322 3.21576378 1.80874198
-11.199683970789401 -0.09437312201678758 3.04485674 2.01600752
-11.207496470789401 -0.5068451323019854 3.07572691 2.09149954
-11.215308970789401 -0.1902913101005282 3.06010519 2.0309233 
-11.223121470789401 -1.5078828056927052 3.13277902 2.15089466
-11.230933970789401 -1.247195156896354 3.14906495 1.71088012
-11.238746470789401 -0.12946714956315275 3.03566247 1.90389599
-11.246558970789401 -1.3586947471806392  3.45501208 -1.6104353 
-11.254371470789401 -0.09297578788276425  3.59230584 -1.7703029 
-11.262183970789401 -0.5103571895024587 3.12426943 1.94927188
-11.269996470789401 -0.2996675516003977 2.96610299 1.89271759
-11.277808970789401 -0.27413664281388306 3.04728512 1.85716809
-11.285621470789401 -0.12062558485945987 3.06152434 1.95715327
-11.293433970789401 -0.18442059491627508 -3.7819735  -3.34799727
-11.301246470789401 -2.0115699832609546 -3.59321339 -3.29920014
-11.309058970789401 -0.45309006705845933 -3.84413349 -3.23247916
-11.316871470789401 -0.06718183500735363 -3.7762018  -3.24307584
-11.324683970789401 -0.5565601118761403 -2.79545634  3.01163595
-11.332496470789401 -1.9544531824753506 -3.01263399  3.2385885 
-11.340308970789401 -0.6818349985704941 -2.91584934  3.21363985
-11.348121470789401 -0.15315546821905732 -2.73593842  3.12398813
-11.355933970789401 -2.025102126156395 -3.58206364 -3.25421894
-11.363746470789401 -1.1502508982739805 -3.90620651 -3.2476991 
-11.371558970789401 -0.24399892961036843 -3.71176173 -3.27098078
-11.379371470789401 -1.557493118812555 -3.67780639 -3.40114522
-11.387183970789401 -1.075795614189012 -3.67831774 -3.1363686 
-11.394996470789401 -0.5626619967801183 -3.8542907  -3.38167952
-11.402808970789401 -2.1646474944108887 -3.61257206 -3.35931141
-11.410621470789401 -1.5801073320886567 -3.62754859 -3.13639373
-11.418433970789401 -0.20434097430590398 -3.81198356 -3.35057634
-11.426246470789401 -1.0249854548942632 -3.66818519 -3.15167185
-11.434058970789401 -1.0952691423818233 -3.91082997 -3.27041197
-11.441871470789401 -0.2973710430368116 -3.81065119 -3.36654404
-11.449683970789401 -0.927937220390457 -3.86806066 -3.41480995
-11.457496470789401 -0.6520376313765966 -3.88157213 -3.27470208
-11.465308970789401 -0.5575558578353647 -3.70162617 -3.18281388
-11.473121470789401 -0.023239534825986684 -3.79329204 -3.27066705
-11.480933970789401 -0.465401325025217 -2.92245897  3.13187076
-11.488746470789401 -0.24833785327961785 -2.8863277   3.15886396
-11.496558970789401 -1.1943773536849598 -2.95731123  3.03129696
-11.504371470789401 -1.4069499597361617 -2.88067753  2.95321902
-11.512183970789401 -0.2144044507478715 -2.85235982  3.19069594
-11.519996470789401 -2.9723426758004066 -2.82473493  2.84770182
-11.527808970789401 -0.17875180259518514 -2.78002028  3.19303432
-11.535621470789401 -1.1842867410525655 -2.96287424  3.2230715 
-11.543433970789401 -0.451726613122152 -2.75086976  3.03468302
-11.551246470789401 -0.4257442231543432 -2.86959665  3.04642733
