0 -946.4704464609954  4.4362157  -2.46454063
0 -2690.3539485637375 -4.5358048  -4.48365132
0 -708.8996789110392 -4.76875546  0.29293275
0 -1751.5095982822966 -2.93664402  4.99692671
0 -766.2581799605223 -3.53246905 -3.33096773
0 -634.1801297291823  4.24079424 -1.95516933
0 -0.001031123710724307 1.76725498 0.94842807
0 -61.92746965176639  2.60117855 -1.67283498
0 -15.747881634047761 -1.09101327 -0.06029698
0 -1.1286787184852005  1.26374985 -1.77599593
0 -675.6568005933318  0.11080695 -4.7294641 
0 -7.931929620242971  0.01866464 -1.41710219
0 -2743.6182586735426  4.14804798 -4.88176605
0 -2.021491928579569  2.00763556 -0.98729837
0 -55.31651891288407 -1.3798944  -2.71201097
0 -163.782119788614 1.34351425 3.35325773
0 -13.332312647878267 -1.84927318 -1.77822349
0 -302.42378000522325  1.00175296 -3.91066687
0 -1236.9425551371553 4.22187673 3.32337774
0 -368.4761228339444  0.92795823 -4.08807115
0 -496.16710924190636 0.13948984 4.44198277
0 -56.89798816352385 0.76637875 2.95743528
0 -255.87139239469698 2.00396993 3.36079913
0 -100.6661528360514 3.05813929 1.31998669
0 -29.808756596059805 -0.31165341  0.20555595
0 -909.9890870278816  4.28574024 -2.63875572
0 -18.334572537563655 0.97735722 0.13046146
0 -465.995528722328 -3.90031511 -2.01290992
0 -4.178136677689599 2.20353814 0.76797177
0 -497.1572910131254 -1.12488302  4.30128065
0 -750.5386791000295 -4.67484332 -1.23195364
0 -139.5271354092111  0.96947564 -3.3782504 
0 -0.25919771840609496 1.32522654 1.6136211 
0 -1117.7856888502586 -4.98111721  1.68207786
0 -3367.026978385002 4.87386952 4.61259545
0 -1066.519839324009 4.79168271 2.03278086
0 -785.0712224110828 -0.76974592  4.8187138 
0 -10.166089915900352 0.50097303 2.45022182
0 -81.19297758473598 3.02022472 1.11793563
0 -585.0429960156521  0.9338144  -4.49791624
0 -357.85811418254895 -2.9193679  -2.97552141
0 -2025.9432382382452 -4.90757401  3.42679623
0 -168.9587018128921 -2.85695835  2.24255522
0 -155.97234231055836 3.30027053 1.39254886
0 -39.13118348825636 -0.50644636  2.85776365
0 -859.3045025449453 -2.64544421 -4.21066261
0 -20.710374336017676 -0.62024188 -0.6303589 
0 -18.934727023486374  0.95944375 -0.05059231
0 -282.09324925572054 2.95999086 2.66735061
0 -550.0969506005703 1.09669709 4.40248123
0 -54.98923100778814 -1.83972242  2.42052727
0 -1.8776764525874374  2.22320641 -0.16214165
0 -281.3995938838422 -0.65924043 -3.92773428
0 -19.251150101948493 0.24235872 0.91583359
0 -848.6845074948809 -0.33743965  4.94830312
0 -282.8899315769368 -3.95567893 -0.49564903
0 -22.720104290083462  2.63547473 -0.65172125
0 -221.5875262446201 3.14486536 2.15306374
0 -47.180270573362996 1.47656559 2.58393532
0 -1971.9331097353447 -4.75692578  3.57376014
0 -20.467228113880694 1.19351511 2.40302387
0 -628.7562382208754 -0.72628048 -4.60469628
0 -22.309684751966536 -0.79022533 -0.18883152
0 -280.91294023260946 -3.84338097 -1.03916119
0 -1332.489014121209 2.34936085 4.92871344
0 -948.8229321285587  4.02613116 -3.09374474
0 -6.617670850499134 0.90652806 1.16584151
0 -25.341512031912004 0.661782   0.04943731
0 -29.222784177936703 -1.78345407  2.15447828
0 -372.83760023881956 -0.83623263  4.11755291
0 -850.9941804569157 -4.20123219 -2.64144447
0 -1867.652291985483 -4.52782526  3.74931561
0 -305.9892091000582 -3.74967196  1.51955881
0 -367.69344244839357 -1.51683983  3.90617534
0 -1745.7158213140417 -4.13629847 -4.05403549
0 -131.77678638647404 -2.18914483  2.70643889
0 -1.0710310831653183 1.17472031 1.37413352
0 -18.753110233598306  0.76860273 -0.58918056
0 -8.029417738563746 -1.992021    1.42671868
0 -1623.159277106226  4.82542648 -3.03372645
0 -242.55318432518456  3.30332256 -2.02500006
0 -429.9779615037581 -2.03727384 -3.80946424
0 -739.9069993622476 -4.75821086  0.77045747
0 -209.44976053006047 -2.32880207  2.96819784
0 -371.8720354977668 -3.00924107  2.92921559
0 -647.6599489236293 -2.69814188 -3.83605355
0 -954.5371888126177 -3.00549182 -4.10042642
0 -0.7746579041429195  1.97923    -0.83964647
0 -381.293266815653 -4.18657939  0.52918586
0 -0.10754453415015418 0.44622793 1.88917764
0 -15.250801737801398 0.24225127 1.0862327 
0 -261.08116471265566  2.98786205 -2.54914027
0 -48.191077478146006 0.97672043 2.82041449
0 -806.2952039456225 -3.81044168  3.09177458
0 -1.9190542509261743 0.72573592 1.57916206
0 -3840.158757027448  4.94230319 -4.83656382
0 -646.1803398743172 1.60709765 4.40362877
0 -3.832151734998044 -0.73159494 -1.44240941
0 -236.26040390178002 3.74802227 0.90614621
0 -280.0644969268852 -2.04004941  3.41639   
0 -206.7703201405045 0.0742187  3.76328858
0 -10.429908831142033 0.75277236 1.07224358
0 -235.03310168109698 -3.69349463 -1.09480707
0 -234.14697685141454  1.86241896 -3.36919069
0 -425.6443610284308 -0.68428514 -4.25678049
0 -841.5563561996172 -4.76719157 -1.33669849
0 -400.9436770925456  3.81291647 -1.9027548 
0 -322.40030588653855 -3.13237488 -2.62386925
0 -1536.152654429226  4.46093039 -3.43719218
0 -212.30548027386763 -3.74935327 -0.49537381
0 -721.5883394893629 4.62735065 1.25785875
0 -81.05125866654765 -0.46852942 -3.18534998
0 -1217.0270609745617 3.0574785  4.39543994
0 -55.028518269147405 -2.66595139 -1.46222665
0 -1597.7343871949156 -4.58213479  3.35682581
0 -283.49764383510814  3.98728641 -0.0858981 
0 -547.4470287829932 -1.82702393  4.14808091
0 -282.59622599592734 3.67727144 1.53771357
0 -299.91152834293416 -3.1319938   2.53697803
0 -78.24901234665904  2.42129664 -2.09577697
0 -133.35108660606647 2.33468033 2.5912887 
0 -252.59178992385068 3.34023861 2.0201363 
0 -989.3142712921995 -1.74498294 -4.81621463
0 -45.20443072842679  2.21518016 -1.96141673
0 -1141.0566063328524 -4.52744808  2.71807804
0 -2650.7829444553367 -4.52041237 -4.4689818 
0 -289.0621934493542  0.9811937 -3.8806401
0 -520.9427262219388 -3.34397804  2.99281408
-4.8559339707894 -0.010860522033142963 -0.77452239 -1.82384889
-4.8637464707894 -0.0034245942468837344 1.05375328 1.71201166
-4.8715589707894 -0.013018174564665563  1.251731  -1.5337831
-4.8793714707894 -0.016070453019805305 -1.75502597  1.00475035
-4.8871839707894 -0.10246278288384457 -1.69008808 -1.17044684
-4.8949964707894 -0.005172560694940767  1.41071547 -1.39965223
-4.9028089707894 -0.03362986355579923 -1.73357415  0.93007971
-4.9106214707894 -0.05623704264474061 0.75687838 1.80539451
-4.9184339707894 -0.5125166758115441 -0.93242979 -1.9070381 
-4.9262464707894 -1.5830833639473967 -0.65563089 -2.11183201
-4.9340589707894 -0.5602119315902506 -0.91708486  1.92047019
-4.9418714707894 -0.31112056066060934 1.1501507  1.75258799
-4.9496839707894 -0.2131587853116574 0.57044224 2.00026514
-4.9574964707894 -1.5335939822665293e-05 -1.5323655  -1.28632231
-4.9653089707894 -0.00023208947059645551  0.8274079  -1.82377865
-4.9731214707894 -0.051160852330977225  2.01534212 -0.31358404
-4.9809339707894 -0.5541836890281683 -1.17347416  1.77464181
-4.9887464707894 -0.5400094093074957 0.55930458 2.05104806
-4.9965589707894 -0.4293997137702929 -1.11075092 -1.51752273
-5.0043714707894 -0.8117601402939139 -0.22377271  2.1417313 
-5.0121839707894 -0.4759670956888081 0.98304171 1.87655657
-5.0199964707894 -1.3004961624409122 -0.7642885  -1.61538958
-5.0278089707894 -2.542445932018378 -0.79962892  1.49435884
-5.0356214707894 -2.8604166450138084 -0.33785581  1.64010374
-5.0434339707894 -0.004617601696350656 1.51586117 1.28612399
-5.0512464707894 -0.4437617967327243  1.45864186 -1.18377429
-5.0590589707894 -0.020749834427788275  1.50940007 -1.35039578
-5.0668714707894 -0.1007158843017683 1.66141849 1.20999767
-5.0746839707894 -0.08694850848962349 1.95691266 0.61562785
-5.0824964707894 -0.045770557136621 -0.02839014  2.03727092
-5.0903089707894 -0.00420081451806564 -0.82654511 -1.83375391
-5.0981214707894 -0.37340796807448084 0.43980936 1.83697446
-5.1059339707894 -3.0705522208001685 -0.9361999  -2.08868196
-5.1137464707894 -0.26647644018009586 -1.47182071  1.21190993
-5.1215589707894 -1.452190739165167  0.65937936 -1.64715105
-5.1293714707894 -0.008542936557522102  1.75400048 -0.99440373
-5.1371839707894 -0.13041297594416815 1.2227302  1.49985841
-5.1449964707894 -0.7542407108772152 -1.78461336  0.44839035
-5.1528089707894 -0.40550932538457585 -1.47104409 -1.17717731
-5.1606214707894 -0.4636745730874292 0.93162196 1.62806194
-5.1684339707894 -0.0004131899709913276 -1.11706159  1.65462986
-5.1762464707894 -1.0314287490059724 -0.05817202 -1.81065829
-5.1840589707894 -0.09534265899637372 -1.75397626  0.83977951
-5.1918714707894 -0.0006478983357757784 0.76284624 1.85366238
-5.1996839707894 -0.18055041444883788  0.06762481 -1.9222301 
-5.2074964707894 -0.6737063283958616 -1.8329471  -0.24477421
-5.2153089707894 -0.028630975288900143  0.78934794 -1.80479431
-5.2231214707894 -2.2966889704154676  0.92920833 -2.05138496
-5.2309339707894 -0.19645131598833393 1.89786855 0.29100725
-5.2387464707894 -0.07512063346800953 1.25731061 1.61646988
-5.2465589707894 -0.5153315865855176 -1.46315552  1.53843552
-5.2543714707894 -0.02981101122461133 -1.58058826 -1.27429543
-5.2621839707894 -0.31004207749911106  1.95060414 -0.76737905
-5.2699964707894 -1.1310069707810462 -0.30055397 -1.77698274
-5.2778089707894 -0.03393663701080752 1.97360828 0.48490501
-5.2856214707894 -0.04067436574554127  1.89942566 -0.49957347
-5.2934339707894 -0.019416902254828054 -0.2664014   1.95716602
-5.3012464707894 -0.000620540915643259  0.63017408 -1.90275987
-5.3090589707894 -0.003941415318000608 -0.67103713 -1.89581165
-5.3168714707894 -0.0007429764864644057 -0.26405975 -1.97762444
-5.3246839707894 -0.1042542966885072 -2.04110846 -0.24937914
-5.3324964707894 -1.1181812393816524 -1.36801872 -1.17507496
-5.3403089707894 -2.670369657937585 1.92678719 1.20124648
-5.3481214707894 -0.003160075814338066 1.89596824 0.60461122
-5.3559339707894 -0.6626498093479732 -0.13857015  1.8453157 
-5.3637464707894 -0.4870027477196793  1.809632  -1.1039432
-5.3715589707894 -0.07608168093405948 -2.00502669 -0.41822072
-5.3793714707894 -0.6006702700874554 -0.14872091 -2.12741874
-5.3871839707894 -0.3528834517623978 -1.71555759  0.79800532
-5.3949964707894 -0.4207420688016191 0.21843529 2.10022576
-5.4028089707894 -0.661444904728279  0.47481181 -1.78870596
-5.4106214707894 -2.6763047239550346 -1.45321365 -0.85521034
-5.4184339707894 -0.06449388501402817  0.42888098 -1.99890856
-5.4262464707894 -2.82558663228454 -1.82086131 -1.36860291
-5.4340589707894 -0.061156500088122824 1.84201552 0.6573526 
-5.4418714707894 -0.3837087783153729 1.21370198 1.44530815
-5.4496839707894 -0.359346574721914 -1.8897329  -0.07092746
-5.4574964707894 -0.1587904090191646 0.49950307 1.86245138
-5.4653089707894 -0.014871235232891694 -1.44278692  1.41583753
-5.4731214707894 -2.342368637560962  1.2542327  -1.15960667
-5.4809339707894 -0.01360733175197933 -1.31124074  1.48262044
-5.4887464707894 -0.014245032700912633 -1.82513672 -0.86791183
-5.4965589707894 -0.37592381024414934 2.06892551 0.39127098
-5.5043714707894 -0.12868398830674851  0.53438809 -1.86031506
-5.5121839707894 -0.3569925635538276  0.55965166 -1.80673789
-5.5199964707894 -0.3466225977645712 -0.46660534  1.83465875
-5.5278089707894 -0.6888394027035384 -0.98649717  1.5620341 
-5.5356214707894 -0.2072208311835264  0.77052901 -1.93084716
-5.5434339707894 -0.006358275463298372 -1.57713406  1.20675777
-5.5512464707894 -1.7825741611984975 2.20523558 0.28463321
-5.5590589707894 -0.7143376621042788 -1.47541896 -1.10702433
-5.5668714707894 -0.0004801467736330174 0.82133133 1.8193187 
-5.5746839707894 -0.24553500514546853  0.3985258  -2.04732976
-5.5824964707894 -0.7669582421897607 -1.74673288  0.57416663
-5.5903089707894 -0.09130397625473131 -1.44470339 -1.30352172
-5.5981214707894 -0.5457114237051897 -1.70410236  0.75741615
-5.6059339707894 -0.50412339938506  0.2383723  -2.10837286
-5.6137464707894 -0.2338387396151419 -1.74479592 -0.78342355
-5.6215589707894 -0.03368862454012437  0.06619487 -2.03110903
-5.6293714707894 -0.5582012813502645 0.71570295 1.72031088
-5.6371839707894 -0.06487118191595283 1.81588808 0.72280816
-5.6449964707894 -0.020621692916953382 -1.87213844 -0.77242474
-5.6528089707894 -0.15895164302522855 1.92810324 0.0224349 
-5.6606214707894 -0.019213057356374946 -1.00416548  1.70106989
-5.6684339707894 -0.0006324885543675158 -1.6746296  1.0852799
-5.6762464707894 -0.544506703024936 -1.61752929 -1.38035431
-5.6840589707894 -1.9569956131321473 -1.68372372  0.41938521
-5.6918714707894 -0.2266340877946272 -0.18407609  1.90512205
-5.6996839707894 -0.14732033497049296  1.5863582  -1.32471572
-5.7074964707894 -0.12693116509895233 -1.2377608   1.64920343
-5.7153089707894 -0.12416449990431107 -1.45552311 -1.27761081
-5.7231214707894 -1.4324820654717165 1.01789582 1.45518997
-5.7309339707894 -0.32579763519482313 -1.86977137 -0.95266063
-5.7387464707894 -0.08560099909439597  0.55480552 -1.97460722
-5.7465589707894 -0.6661306744370302 -1.88036905 -1.02045595
-5.7543714707894 -3.4952390309377144  1.42877215 -0.7978938 
-5.7621839707894 -1.2346657782605976 -2.02588897  0.82551755
-5.7699964707894 -0.38299876825848417 -2.10218546  0.13573031
-5.7778089707894 -0.17230370699604738 -1.38667974  1.53968687
-5.7856214707894 -0.02587766680691817 -1.64943222  1.07964084
-5.7934339707894 -0.5258375642106874 0.34432509 1.83539755
-5.8012464707894 -0.2180222665137879 -1.67269991 -0.93375942
-5.8090589707894 -0.20205458126332787  1.00467663 -1.81892077
-5.8168714707894 -0.04543683285304113 1.92494995 0.37926426
-5.8246839707894 -0.0694947333948825 -0.2599702 -2.0294881
-5.8324964707894 -0.4823852468733613 -0.60005499  1.77449158
-5.8403089707894 -0.4132568442573944 1.92263524 0.87065361
-5.8481214707894 -1.2926881435621425  2.14249207 -0.4622586 
-5.8559339707894 -0.019498176848747887 -0.79134467  1.80970609
-5.8637464707894 -0.003934202215514885 1.939254   0.53258419
-5.8715589707894 -0.12467781937139277 -1.74357655 -1.09982655
-5.8793714707894 -0.21783986329421576  1.24939129 -1.66404676
-5.8871839707894 -0.30923609458208157 0.64990797 1.78449002
-5.8949964707894 -0.043154688866889154 0.899903   1.74450059
-5.9028089707894 -0.09150560559881415 -0.50374879 -1.87945155
-5.9106214707894 -0.6347638651828966 -1.6708772 -1.3309906
-5.9184339707894 -0.2695902567335325 -1.73717744 -0.78426398
-5.9262464707894 -0.04573236443289898 -1.92911495  0.35679102
-5.9340589707894 -0.9905402032588485 -1.37598558 -1.67643013
-5.9418714707894 -0.05901917767768334 0.31448483 2.01813846
-5.9496839707894 -0.15425776154586537 1.93864641 0.72067396
-5.9574964707894 -0.6899710875987936 -1.79538636  0.43500933
-5.9653089707894 -0.0010537630309447258 -1.85163132  0.77098337
-5.9731214707894 -0.3810653904733204 0.30382405 2.0842724 
-5.9809339707894 -0.2850565919703927 -1.37083976  1.32032918
-5.9887464707894 -0.015726311316758796 0.88930495 1.81598765
-5.9965589707894 -6.399437640980575e-05  0.82923657 -1.82154421
-6.0043714707894 -4.6916461625559185e-05 -1.98782985 -0.23103213
-6.0121839707894 -0.035072883964948225 -1.5239943   1.24298679
-6.0199964707894 -0.2521481635148743  1.20863386 -1.70125639
-6.0278089707894 -0.6239628727114351 -1.56759101 -0.99202088
-6.0356214707894 -0.027002100011056362 -1.90437076 -0.50712721
-6.0434339707894 -0.00019161084571255298 -0.05226391  2.00176335
-6.0512464707894 -0.3243014335021732 1.06267401 1.57100112
-6.0590589707894 -0.6278000199768509 -0.87925091  1.94606928
-6.0668714707894 -0.4210946911822245 -2.07586395  0.38683751
-6.0746839707894 -0.11694853626364762  1.29695269 -1.44086751
-6.0824964707894 -0.0013356958222451357 -0.28047849 -1.98674975
-6.0903089707894 -0.009096671767474956 -1.77551596 -0.88323368
-6.0981214707894 -0.020285329182595513 -0.55208352  1.89591482
-6.1059339707894 -0.0864766999009029 1.91603738 0.34765273
-6.1137464707894 -0.23794893830172986  1.80345745 -0.63451908
-6.1215589707894 -0.2638219035121507  1.36457622 -1.33219228
-6.1293714707894 -0.1567396384876142 -0.1426881  -1.92345886
-6.1371839707894 -8.19309959724471e-05 -0.63718913 -1.89409334
-6.1449964707894 -0.5124843911445329 -0.98216452  1.59032989
-6.1528089707894 -0.5834261718805359 -0.27174078 -1.84012289
-6.1606214707894 -0.0007617248973100937  1.88559631 -0.68120648
-6.1684339707894 -2.1474555787948653  1.07377872 -1.3456563 
-6.1762464707894 -0.017623490578708448 1.79941871 0.81744811
-6.1840589707894 -0.3330744349710384 -0.49554646 -1.8293015 
-6.1918714707894 -0.11910973827130336 1.14380891 1.56450072
-6.1996839707894 -0.7662436793590522 -1.13986789  1.82199604
-6.2074964707894 -0.2472256566438958  1.34386593 -1.35736444
-6.2153089707894 -0.5380803979289939 1.23747971 1.39640722
-6.2231214707894 -2.351601507526312 0.57767681 1.6068435 
-6.2309339707894 -0.8339789792667454 -0.34430783  2.12772163
-6.2387464707894 -0.9003146659909251 1.74766872 1.27145259
-6.2465589707894 -0.0863999970572174 -1.87927213 -0.51038239
-6.2543714707894 -0.4376797565422068 -0.05475346 -2.11300859
-6.2621839707894 -0.4177944370282869 -0.661748   -1.76211147
-6.2699964707894 -0.056177432578331965 -0.52865134 -1.97183281
-6.2778089707894 -0.4280892243639481 -1.67257626  0.860139  
-6.2856214707894 -0.09889819476499818 -1.50110261 -1.40323287
-6.2934339707894 -0.9949478046588259 -1.80454094  0.19573889
-6.3012464707894 -0.033015163091439724 -1.60416306  1.1393766 
-6.3090589707894 -0.0019742189520391283 -0.23701374 -1.99380109
-6.3168714707894 -0.2701435790481335 1.06306541 1.58188836
-6.3246839707894 -0.8774966584681214  1.75612763 -0.50362183
-6.3324964707894 -0.3543685879536233 1.74192206 1.17755687
-6.3403089707894 -0.360023964910694 -1.37086363  1.5953091 
-6.3481214707894 -0.02925702492539728 -1.85867639 -0.65143971
-6.3559339707894 -0.11712462749421021  1.23230667 -1.65027779
-6.3637464707894 -0.11213656610586367 -1.37991328  1.52729393
-6.3715589707894 -1.1953676405466973 -2.17902119 -0.15800879
-6.3793714707894 -1.662194519808595 0.12601678 2.2126376 
-6.3871839707894 -0.36097847674650757 0.56829818 2.02530922
-6.3949964707894 -2.1867526897633525 1.61613287 0.58520781
-6.4028089707894 -0.009990622134055868 1.95967961 0.29829229
-6.4106214707894 -0.08153333899413236 1.91314054 0.37146425
-6.4184339707894 -2.0195374605856404 1.94334665 1.10827627
-6.4262464707894 -0.9725006766064515  0.9818275 -1.5292803
-6.4340589707894 -0.012942282679788981 -1.36109287  1.43770052
-6.4418714707894 -0.06887194227517655 0.83665068 1.7647794 
-6.4496839707894 -2.5516614811297023e-06  0.92314525 -1.77452314
-6.4574964707894 -0.052190816853408144  1.8398291  -0.88123186
-6.4653089707894 -0.786868648279755 -1.22508352  1.76816679
-6.4731214707894 -0.004115013565675697 -0.81278443 -1.814944  
-6.4809339707894 -0.06826095455736084 -1.42931501  1.46348999
-6.4887464707894 -0.014314215882164987 -1.14728511  1.61218398
-6.4965589707894 -0.3853565053092255 -0.55443238 -1.80378863
-6.5043714707894 -0.12266761725665308 0.79009643 1.768641  
-6.5121839707894 -0.02575785726155772  1.9539988  -0.26154026
-6.5199964707894 -0.030796399846238443  1.95058666 -0.26668742
-6.5278089707894 -0.5211886931302229  0.17744405 -1.85957769
-6.5356214707894 -0.0690093485207743 -1.36289913  1.39883938
-6.5434339707894 -0.2472621338327424  1.37424947 -1.56941087
-6.5512464707894 -0.002064934221239029  1.08764088 -1.68794826
-6.5590589707894 -0.4284756932822266 0.87844798 1.66297048
-6.5668714707894 -0.24770191811800937 -0.92474875 -1.86996374
-6.5746839707894 -1.2912291219350637e-05 -1.57079083 -1.23901456
-6.5824964707894 -0.914922232532916 -1.43059812  1.62164969
-6.5903089707894 -0.5755207494019586 1.98377633 0.77528349
-6.5981214707894 -1.1599126883066007 0.50514735 2.12282237
-6.6059339707894 -1.1123990744557488  1.79286916 -0.19958036
-6.6137464707894 -1.303617787461587  1.6748012  -0.62265089
-6.6215589707894 -1.983949430658206 -0.09353892 -2.23321064
-6.6293714707894 -1.651517343132041e-05  1.40930404 -1.42011821
-6.6371839707894 -0.5398552773463181  2.11253255 -0.23822639
-6.6449964707894 -0.4394287635282128 1.24921857 1.7053416 
-6.6528089707894 -0.10011270753299702 -0.37386347  2.02088072
-6.6606214707894 -0.16050769817958985 -0.41565016  1.88253654
-6.6684339707894 -1.048036400824023 -0.93156419  1.96369019
-6.6762464707894 -0.2198643415640919 -1.78448557  0.69573777
-6.6840589707894 -1.3607831439258578 -2.16882142 -0.34795428
-6.6918714707894 -0.2505425806273731  1.88131358 -0.90254976
-6.6996839707894 -0.039860386211530076 0.63159049 1.93449419
-6.7074964707894 -0.03286101428068761  1.59922578 -1.14642722
-6.7153089707894 -0.6354748213117517 2.09135005 0.43581759
-6.7231214707894 -0.05690432409573103  1.7690343 -0.8377589
-6.7309339707894 -0.16747971025740713  0.31404919 -2.04713251
-6.7387464707894 -0.5088704785948523 1.00721337 1.57515253
-6.7465589707894 -1.510799578255049 1.73717002 1.36065341
-6.7543714707894 -0.13072749109205992 1.82475016 0.64391265
-6.7621839707894 -2.3166318861139032 -2.16580554  0.62091643
-6.7699964707894 -0.12016140400600252  1.8545862 -0.5616016
-6.7778089707894 -2.6306416316730523 -1.67919525  0.18283586
-6.7856214707894 -0.020738953243906563  1.83568284 -0.72693734
-6.7934339707894 -0.08865419620339622  1.09162205 -1.61177581
-6.8012464707894 -0.03717341320008653 -0.3284934   1.93797807
-6.8090589707894 -0.6623674160716594 -0.10437641 -1.84759842
-6.8168714707894 -0.5337123775040061  1.85850498 -0.17140013
-6.8246839707894 -0.004218562602023969 -1.4884572   1.31854778
-6.8324964707894 -0.11446089494990715  0.25497282 -1.92243596
-6.8403089707894 -0.5690387358197769 -1.10184972  1.50084097
-6.8481214707894 -0.06149790211900658  1.86479046 -0.83541028
-6.8559339707894 -0.3803556665244464 1.07081566 1.554754  
-6.8637464707894 -0.0527035092741303 0.34002661 1.92926143
-6.8715589707894 -0.016375547106176388  1.05882623 -1.6698505 
-6.8793714707894 -2.3674511479137257 2.09230308 0.84276886
-6.8871839707894 -0.12419379027975201 -1.54496953 -1.16785131
-6.8949964707894 -0.3227775013992832 -0.84026188 -1.70065511
-6.9028089707894 -0.653728065349559  1.22562189 -1.38785113
-6.9106214707894 -0.0015709325466383445 1.72448626 0.99906005
-6.9184339707894 -0.1751253894589862 1.78326754 1.05634598
-6.9262464707894 -0.007068806546456137  0.3847278  -1.94744286
-6.9340589707894 -0.0017494155915568652  0.66228028 -1.87931088
-6.9418714707894 -0.3246215482488349 -0.15410795  1.89033664
-6.9496839707894 -0.006646934575926148 1.6351349  1.12635889
-6.9574964707894 -0.007402561862231647 -0.90841041  1.79878533
-6.9653089707894 -0.32954765497525806 -1.39887969  1.27953592
-6.9731214707894 -0.3001307828704947 1.51947689 1.44172561
-6.9809339707894 -0.56453802282087 1.81219019 0.42974035
-6.9887464707894 -0.4423850711732788 1.68054634 1.28299458
-6.9965589707894 -0.14819678175525314  1.17099114 -1.70322927
-7.0043714707894 -0.10049566802446948 1.53842421 1.36286876
-7.0121839707894 -1.463875063728219 0.77196995 1.59641126
-7.0199964707894 -3.558292923049738e-05 -1.55976535  1.25016561
-7.0278089707894 -0.002670425408832538 1.83872801 0.76324225
-7.0356214707894 -0.008965399832757317  0.1349616  -2.01214769
-7.0434339707894 -1.776677358660573  0.93363096 -1.47845055
-7.0512464707894 -0.626121878761886  1.27043575 -1.35147124
-7.0590589707894 -0.06634270026531684 -2.03848771 -0.16339494
-7.0668714707894 -0.40242290048953855  1.75427399 -1.170935  
-7.0746839707894 -0.021059892819527012 -1.49987855  1.36124203
-7.0824964707894 -0.058649302498798704 -1.28021844  1.47979604
-7.0903089707894 -3.394759159939729  0.03070322 -1.64201769
-7.0981214707894 -0.0593199699104393  1.85025102 -0.86532763
-7.1059339707894 -1.3538215939549083 0.66867795 1.65230866
-7.1137464707894 -0.8619845284669606  1.60236993 -0.88085787
-7.1215589707894 -1.3532939027869586  1.342932   -1.17215533
-7.1293714707894 -0.484822732091958  0.06922569 -1.87159155
-7.1371839707894 -0.03627478608765409 -0.80042549 -1.79572935
-7.1449964707894 -2.6357344350727927 -0.42646691 -1.63405691
-7.1528089707894 -0.6957349227223836 -0.22810105  2.13020487
-7.1606214707894 -0.08064839390172736 -1.15848873  1.69077282
-7.1684339707894 -1.004465027420213 -1.79438635 -0.26738355
-7.1762464707894 -0.5745313170294241 0.81598829 1.96726582
-7.1840589707894 -0.12294317250366121 -1.40551983  1.50746431
-7.1918714707894 -0.8884283254357793 -0.90763529  1.58420461
-7.1996839707894 -0.07261822539487357 -0.61729668  1.85159264
-7.2074964707894 -0.23758898354304114  1.86743036 -0.40992448
-7.2153089707894 -0.00486161070681865 -1.8875771  -0.69739222
-7.2231214707894 -0.2046576474933196 -0.33378694  1.88909966
-7.2309339707894 -0.21788734909667953 -1.86712237 -0.42870489
-7.2387464707894 -0.2148596143139277 0.83980331 1.72248818
-7.2465589707894 -0.07622581086509873  1.98712787 -0.49653609
-7.2543714707894 -0.3229967365369204  0.70716657 -1.9752934 
-7.2621839707894 -0.1927572342078914  1.89919659 -0.83874989
-7.2699964707894 -0.11702607144137721 1.80505877 0.70701356
-7.2778089707894 -0.2924662746824467 1.23072091 1.45014538
-7.2856214707894 -0.009111753265169447  1.50714737 -1.2888016 
-7.2934339707894 -0.001072587491517009 -2.00567481  0.02065404
-7.3012464707894 -0.013211746648790029 -0.72691279  1.84128251
-7.3090589707894 -1.2044184670977138 -0.79314429 -1.61086956
-7.3168714707894 -0.31694187252902367 -0.02342191 -2.09703016
-7.3246839707894 -0.4189679263375179 -0.33994534 -1.8511464 
-7.3324964707894 -0.1698334759465933 0.58730632 1.98657395
-7.3403089707894 -0.026780419617530853 0.93379005 1.73560366
-7.3481214707894 -0.027579903933186954 1.93495328 0.37218969
-7.3559339707894 -3.275021206287955 -0.4345769  1.5910658
-7.3637464707894 -0.09413497228109198 -1.20081253 -1.66583303
-7.3715589707894 -0.16502704569622006 -0.02162951 -1.92672792
-7.3793714707894 -0.3652062609820681  0.23038822 -1.87605981
-7.3871839707894 -5.425130598094957 -1.3967341  0.6341507
-7.3949964707894 -0.5416949012303238 1.11019434 1.4990125 
-7.4028089707894 -0.059452008794845405 1.96198473 0.56835572
-7.4106214707894 -0.3691108450198188 -2.10463127 -0.01124125
-7.4184339707894 -0.1479612424737962 1.6549456  0.99456587
-7.4262464707894 -0.0758412941418159 1.59589899 1.28368168
-7.4340589707894 -0.28597005874034337  2.02776378 -0.51605007
-7.4418714707894 -3.55578496348206e-05  0.72471753 -1.86294605
-7.4496839707894 -0.29095945742782925 -1.40602662  1.28127714
-7.4574964707894 -0.010434562509698328 1.0044986  1.70843549
-7.4653089707894 -1.5929837783876273 -1.75951116  0.10796538
-7.4731214707894 -1.1954901253033101 2.10917283 0.56967511
-7.4809339707894 -0.3300125892592236 -1.89263893 -0.90781471
-7.4887464707894 -0.028547507020930146 1.91410065 0.46555974
-7.4965589707894 -0.24032637165898715  1.91003765 -0.07148819
-7.5043714707894 -0.03638661397305454 -0.17948698 -2.02550413
-7.5121839707894 -0.03398420358430552 -0.06908481 -2.03115264
-7.5199964707894 -0.06578498845758002 -0.68334829  1.92727735
-7.5278089707894 -0.26141191339125464 -1.89482654  0.87816011
-7.5356214707894 -0.12286256262382296  1.66472365 -0.99037459
-7.5434339707894 -0.6839184972893715 -1.83754577  0.19660296
-7.5512464707894 -0.7671958016360415  0.17493106 -1.83031317
-7.5590589707894 -0.9466709046741177 -0.77356343  2.02227431
-7.5668714707894 -0.8994229304474739  0.1889054  -1.81485797
-7.5746839707894 -0.023043327538377574 1.10121577 1.70137087
-7.5824964707894 -1.385902829858255 0.69543624 2.08537898
-7.5903089707894 -0.02861279054003927 1.90821053 0.48900226
-7.5981214707894 -0.6478975448386857 -1.27269117 -1.71738818
-7.6059339707894 -0.1349626894797788  2.05560969 -0.18504199
-7.6137464707894 -0.0617491418891036 -1.56666688  1.31197047
-7.6215589707894 -0.060752568853684026 1.3734379  1.39261639
-7.6293714707894 -0.4519968019956908 -1.42948373  1.21703877
-7.6371839707894 -0.27618655445681056 0.85629576 1.90745029
-7.6449964707894 -0.04904317184943502 -1.31462747  1.45435928
-7.6528089707894 -0.0844981685652369  1.66047287 -1.20348481
-7.6606214707894 -0.30427652214596534 -1.7962485   0.61922716
-7.6684339707894 -0.48464328088105124 -0.84535303 -1.94361519
-7.6762464707894 -0.018503697975012768 -0.48261124 -1.96552103
-7.6840589707894 -0.0005787852922545675  0.44182344 -1.94622211
-7.6918714707894 -0.6261404323066845 -0.06378325  2.134352  
-7.6996839707894 -0.28180885037682907 -0.08326922 -2.09008101
-7.7074964707894 -1.6266526468958598  0.82312586 -1.55583346
-7.7153089707894 -0.24325094343616602 -0.3368455  1.8809005
-7.7231214707894 -0.042241549340394396 1.90084329 0.49139079
-7.7309339707894 -0.4902808692814678 -0.79091153  1.69686251
-7.7387464707894 -0.42264264608258256 -1.41030354 -1.57185907
-7.7465589707894 -0.5580245776820993 1.27078412 1.36267809
-7.7543714707894 -0.035015034592575704 -0.54921816 -1.95721113
-7.7621839707894 -0.0038508280722272348 -1.97641071  0.22343048
-7.7699964707894 -0.013956269474576049 -0.47336571 -1.96455087
-7.7778089707894 -0.9724198816149117 -1.81498582  0.09240627
-7.7856214707894 -3.674322408829322  1.83696163 -1.40747688
-7.7934339707894 -0.5473892124082159 -1.8530641 -0.2073527
-7.8012464707894 -0.4532822768960857 -0.51476714  2.0520924 
-7.8090589707894 -0.16577571458245138  1.89962197 -0.32176677
-7.8168714707894 -1.012612253579008 -1.96408336 -0.9240825 
-7.8246839707894 -0.12482342175505053 0.89383204 1.85765649
-7.8324964707894 -0.33535210116694925 -2.09180521 -0.18393919
-7.8403089707894 -3.0273139011060426  0.5158771 -1.5822652
-7.8481214707894 -0.18610540237292153 -1.69659708 -0.90361105
-7.8559339707894 -1.3884704135913637 1.76924166 0.19124897
-7.8637464707894 -0.4580526283417511  1.87279104 -0.11868772
-7.8715589707894 -0.17380930691635293 -0.54550277  1.84597692
-7.8793714707894 -0.39557797915761045  1.22079941 -1.43698088
-7.8871839707894 -0.25590827150615664 -0.7431731   1.75783588
-7.8949964707894 -0.1401879584427221 -1.29980803  1.6047591 
-7.9028089707894 -0.41885808960420456  0.71771683 -1.98557718
-7.9106214707894 -0.2196712610156427 -0.21267406  1.90351127
-7.9184339707894 -0.011730002566557481 -1.65430349 -1.15752462
-7.9262464707894 -1.2793086397889601 -0.0279519  -1.78869639
-7.9340589707894 -0.5990057567590005 -0.38757622 -1.81728262
-7.9418714707894 -0.15639096113406056  1.86273585 -0.50058026
-7.9496839707894 -0.009655462117906174 -1.58657166  1.18882652
-7.9574964707894 -1.1650256936815333  1.79774375 -0.06994361
-7.9653089707894 -0.5353882459056457  1.22853356 -1.40474682
-7.9731214707894 -0.667023551434466 -0.87792712 -1.62841616
-7.9809339707894 -0.228386398187659 0.59627535 1.99559028
-7.9887464707894 -0.6097474351006754 0.63028857 1.74659171
-7.9965589707894 -0.02465965560285185 -1.84836251 -0.83342413
-8.004371470789401 -0.11726888829271843  1.05473717 -1.76908875
-8.012183970789401 -3.8601236512501527 1.43396304 0.74463639
-8.019996470789401 -1.3936950135913493 -0.63915289 -2.10386727
-8.027808970789401 -0.7088808688838668 0.15764166 1.83842327
-8.035621470789401 -0.00033771531897316395 0.4005199  1.95616699
-8.043433970789401 -0.03917351060622234  0.28294389 -1.94421966
-8.051246470789401 -0.018928961638512203 -1.5296445  -1.32569728
-8.059058970789401 -1.1155621090459837 1.06186706 1.45794065
-8.066871470789401 -2.1762866859852017 -0.64751548 -2.15031737
-8.074683970789401 -0.36801587615999887  1.8579017  -0.98851542
-8.082496470789401 -0.6784987683754052 -1.48728224 -1.09797101
-8.090308970789401 -0.8867844205326474 -1.69803835 -0.67140802
-8.098121470789401 -4.659029310520294 -0.83445291 -2.1977177 
-8.105933970789401 -0.1594663408847664  1.86964061 -0.47124662
-8.113746470789401 -0.40696610012661033 -1.48706484 -1.15652376
-8.121558970789401 -0.03787804871526416 -1.85169928  0.65847599
-8.129371470789401 -0.09581221964216778 -1.7328734   1.10273497
-8.137183970789401 -1.3212818413366603 -1.43971188 -1.05566637
-8.144996470789401 -1.702609982111997 -0.67384483 -1.61965158
-8.152808970789401 -1.2547923678615307 -1.91960721 -1.05223173
-8.160621470789401 -0.2195778527124276 1.48660543 1.45648495
-8.168433970789401 -0.000792666250115162 1.02852513 1.70945253
-8.176246470789401 -0.009443691170892768 -2.01387785 -0.11406889
-8.184058970789401 -1.1644490827361422 -0.91586486 -1.54859781
-8.191871470789401 -0.0629278103476329 -1.90533689  0.43853238
-8.199683970789401 -0.03233644113573561 -0.00705914 -2.03152762
-8.207496470789401 -0.02726236836584159  1.08124361 -1.7168765 
-8.215308970789401 -0.08266953210211721  1.64702658 -1.22090663
-8.223121470789401 -0.48857263292767367  0.56221105 -1.78596345
-8.230933970789401 -0.02257138702511836 -1.95498945 -0.5331514 
-8.238746470789401 -0.06346763890257533  0.42918128 -1.90726599
-8.246558970789401 -0.16198085481817462  1.22079064 -1.49167089
-8.254371470789401 -0.24550955490011706 -2.08573016  0.00966759
-8.262183970789401 -0.7895014905489641 -0.92602777 -1.94184564
-8.269996470789401 -0.07549451250752222 -1.3970422  -1.49751783
-8.277808970789401 -0.18260211375201071  1.7516696  -0.79340593
-8.285621470789401 -1.008365637296667 0.69202213 1.67661774
-8.293433970789401 -0.1867534172203689 1.22326009 1.48258515
-8.301246470789401 -2.1328133766341906 -2.2242746  -0.29201399
-8.309058970789401 -0.061213355866550044 0.92277822 1.82302715
-8.316871470789401 -0.02254853722569906 -0.10949167 -1.97023633
-8.324683970789401 -1.2349424765887402  1.75149387 -1.31074887
-8.332496470789401 -2.0884525808416763 -1.40782745 -0.99807212
-8.340308970789401 -0.0013391086676903638 -1.68930399  1.05847829
-8.348121470789401 -2.2390707191049444 -1.33097873 -1.81289178
-8.355933970789401 -1.7612370579963468 -0.9577007   1.46437584
-8.363746470789401 -0.11882077211300983 1.75162151 0.82950566
-8.371558970789401 -0.2123958487770137 1.91669902 0.01961207
-8.379371470789401 -2.2541406619105624e-05 0.59121293 1.91149796
-8.387183970789401 -0.5039467365458551  1.13421007 -1.79319185
-8.394996470789401 -0.08395562017587725 -0.98780482  1.79697705
-8.402808970789401 -0.5084387456616002  0.67176183 -2.01319094
-8.410621470789401 -0.16475701977619142 -1.04371893  1.61976363
-8.418433970789401 -0.09949397374909084 -1.61145995 -1.08635009
-8.426246470789401 -0.20524929430814645 -1.76896465  1.0913821 
-8.434058970789401 -0.511252629236931 -0.80962381 -1.96216826
-8.441871470789401 -0.13637623009863792 -0.60778208 -1.97274668
-8.449683970789401 -0.34291201193436843 -1.68107442 -1.26018303
-8.457496470789401 -0.46718982086924654  1.09547793 -1.5220419 
-8.465308970789401 -0.23418206753969736 -1.62246022 -1.30759647
-8.473121470789401 -0.6325413965742206  1.88421671 -1.00603523
-8.480933970789401 -0.133061662747758 -1.96760506  0.62166393
-8.488746470789401 -0.012553248887266798 -1.9799649   0.02266804
-8.496558970789401 -0.07582135123066926 1.0550327 1.6407923
-8.504371470789401 -1.4980845737886312 1.80385043 1.26948648
-8.512183970789401 -0.2849263376617305 -0.29759637  1.87989188
-8.519996470789401 -0.13106097006065326 1.3934375  1.52128931
-8.527808970789401 -0.7796711897524454  1.36869943 -1.22568092
-8.535621470789401 -0.0018941559745110483 -0.83276321  1.8268224 
-8.543433970789401 -0.04705891929330917  1.89315429 -0.51241943
-8.551246470789401 -1.583029872081009 -1.93373018  1.07254783
-8.559058970789401 -0.12212871175698325  1.93067156 -0.15935902
-8.566871470789401 -0.01303262082204546  1.93626508 -0.57584824
-8.574683970789401 -0.021551451180503615 -0.76844045  1.87438135
-8.582496470789401 -0.6135536836872453  0.73954303 -1.70270423
-8.590308970789401 -0.10235106705124489  0.47409026 -2.0003646 
-8.598121470789401 -0.0006171356228894946 -1.96387953 -0.40092805
-8.605933970789401 -0.19400389759284428 -1.63392777 -1.00937044
-8.613746470789401 -0.0517023638007979 -1.71698959  1.10124011
-8.621558970789401 -0.019207295197402115 -0.95402552 -1.78545051
-8.629371470789401 -0.03512762640982664 -1.48414294  1.29026788
-8.637183970789401 -0.09346512640614564 -1.65638975  1.21348677
-8.644996470789401 -0.012347857228115863 0.55141002 1.90193918
-8.652808970789401 -0.00511547232309468 -1.99893382 -0.23417437
-8.660621470789401 -0.21461761813023192 1.82687501 0.57874647
-8.668433970789401 -5.317860443381494e-05 -0.65554491 -1.8881484 
-8.676246470789401 -0.018180490087474358 -0.36300685 -1.94239112
-8.684058970789401 -0.0026097525639593167 0.04241726 2.00856263
-8.691871470789401 -0.02951778252492274  1.89351126 -0.54141382
-8.699683970789401 -0.5294487109459163 1.75283609 1.20086609
-8.707496470789401 -0.043361612174106355 0.77919051 1.80155991
-8.715308970789401 -0.6429714847136606 -2.12863654  0.1894825 
-8.723121470789401 -0.23144903517635132 1.63243306 1.29435133
-8.730933970789401 -0.08461893658212495 1.94419851 0.11999788
-8.738746470789401 -0.00263318628738858 1.16295541 1.61593621
-8.746558970789401 -0.03139015399646201 -1.1505761   1.67375465
-8.754371470789401 -0.19567676270462175  0.50730844 -1.85198458
-8.762183970789401 -0.16973515336264386 -1.92392068 -0.08490485
-8.769996470789401 -0.001683512035314945 0.18209111 1.9989637 
-8.777808970789401 -0.06226796367411107  1.89857239 -0.46794725
-8.785621470789401 -1.8093522928988002  0.91479722 -1.48727986
-8.793433970789401 -0.006739105312604885  1.94844931 -0.38144126
-8.801246470789401 -0.1854824096224442 -1.63081276 -1.01779926
-8.809058970789401 -0.2565070578427162 -1.87907098  0.33311745
-8.816871470789401 -0.6177773382673907 -0.7891717   1.98317563
-8.824683970789401 -0.5457825259868785 1.84902061 0.24234854
-8.832496470789401 -0.6771739726812249 -0.04657627 -1.84822844
-8.840308970789401 -0.2580924033274166 0.37751568 2.0534634 
-8.848121470789401 -0.013959162376166494 -0.97531699  1.72197935
-8.855933970789401 -0.32467988129048525  1.67498926 -0.88966098
-8.863746470789401 -0.018859146023212453 -1.40510942  1.4569741 
-8.871558970789401 -0.8629779092740819 -1.88307934  1.05398786
-8.879371470789401 -0.7444777619544032 0.41590151 1.79357523
-8.887183970789401 -0.023915014075561455  1.97064409 -0.08492046
-8.894996470789401 -0.8779928933934625 1.22191546 1.35807015
-8.902808970789401 -0.0392036263789066 1.16956018 1.66497311
-8.910621470789401 -0.3854343429532483 -0.91562377  1.89753228
-8.918433970789401 -0.024666049462230857  1.76629792 -0.99561328
-8.926246470789401 -0.6144202044792657 -0.64958804  1.73889908
-8.934058970789401 -1.1214062763335326 0.71038813 2.06013345
-8.941871470789401 -0.2699820212663605  1.84679476 -0.97814126
-8.949683970789401 -0.04673438174824916 -1.40873289 -1.3647741 
-8.957496470789401 -0.5821157638757892  1.28994369 -1.34035349
-8.965308970789401 -0.006529253519281225  1.9183684  -0.61400293
-8.973121470789401 -1.1388058481174028 -1.72112956 -0.53209503
-8.980933970789401 -0.2061772061447796 -1.38224761  1.32978096
-8.988746470789401 -0.4300191835338865 -1.65695015 -0.88928337
-8.996558970789401 -0.5564969230622266 -1.70995248  0.74065505
-9.004371470789401 -0.006345856283821628  0.42591802 -1.96848231
-9.012183970789401 -0.8437430771762264 -1.61192069 -0.86729193
-9.019996470789401 -0.5212178507073878 -1.07416287 -1.52829167
-9.027808970789401 -0.3280965202620236 1.72655253 0.78357364
-9.035621470789401 -1.310153831233546  1.77351941 -0.21274558
-9.043433970789401 -0.09788270976701038 1.38272571 1.36632451
-9.051246470789401 -0.022183841808180123 0.20078293 2.01618561
-9.059058970789401 -0.17454039027420493 -0.82708391 -1.73796344
-9.066871470789401 -0.6767061082154704 0.60900239 1.74569037
-9.074683970789401 -0.18688689266252811 1.24801293 1.46177239
-9.082496470789401 -0.4753390771018528  2.0502831  -0.53277841
-9.090308970789401 -0.04934286069346567 -1.65843024 -1.04524529
-9.098121470789401 -0.1311170184203198  1.4302964  -1.48670648
-9.105933970789401 -0.17274388477031036 0.58832025 1.83302707
-9.113746470789401 -0.12089913767570674 -1.49577939 -1.23157584
-9.121558970789401 -0.8215730369176331 -1.27214306 -1.31936565
-9.129371470789401 -0.1765777093601297 1.53673255 1.15815312
-9.137183970789401 -0.4212025932746346 1.42194747 1.23253893
-9.144996470789401 -0.9698935616205441 0.14850488 1.81150907
-9.152808970789401 -0.061599408621202174  0.56784805 -1.96291799
-9.160621470789401 -0.01055873320816445 -1.97604707  0.40975263
-9.168433970789401 -0.6405596672269669 -0.1574613   2.13099476
-9.176246470789401 -0.7180568314004215 -0.15900633 -1.83726078
-9.184058970789401 -0.08276080446621265  1.85845927 -0.58541216
-9.191871470789401 -0.14489693477327775 -1.82030086  0.64602031
-9.199683970789401 -0.19434745448260463  2.0655042  -0.21311832
-9.207496470789401 -0.08559423969982381 -1.72661254 -1.10710605
-9.215308970789401 -0.02491537295673677 0.64990462 1.92073892
-9.223121470789401 -0.687237947301798  1.39340372 -1.62622763
-9.230933970789401 -0.01983659618387356 1.89360904 0.71682318
-9.238746470789401 -0.21834245885565273  2.02413257 -0.48300934
-9.246558970789401 -0.029078357040027814 1.94528009 0.58005506
-9.254371470789401 -0.0002360954673505736 -1.6869312  -1.07941099
-9.262183970789401 -0.033811442226738646 -0.38112769 -1.92995329
-9.269996470789401 -0.8114311781899192  1.97227595 -0.86434117
-9.277808970789401 -0.4369288218647301  1.40323598 -1.58061082
-9.285621470789401 -0.20284181127520376 0.04177203 1.91827751
-9.293433970789401 -0.38443185564039506 0.87941331 1.66979276
-9.301246470789401 -0.509757188908362  1.58171646 -0.99665341
-9.309058970789401 -0.4873901126785246 -0.82254022  1.68219285
-9.316871470789401 -0.15227728931358342 1.26212689 1.63797681
-9.324683970789401 -0.06269365685082538  1.94677033 -0.18175509
-9.332496470789401 -0.5150065777253343 -1.85765309  0.20414985
-9.340308970789401 -0.4899274109638521 -0.41656653  1.82524909
-9.348121470789401 -0.0008750417773171336 1.36294997 1.45651996
-9.355933970789401 -1.4670165110217477 0.05449014 2.20306191
-9.363746470789401 -0.6046579166628836 0.23520221 2.12002934
-9.371558970789401 -0.8059573977590383  0.22576872 -1.8205006 
-9.379371470789401 -0.670450910832733 -0.5663284  -1.76076278
-9.387183970789401 -0.07506104038238431  0.66233942 -1.93779112
-9.394996470789401 -0.27543694296986576 -0.36802242  2.05807286
-9.402808970789401 -0.29649504415441924  2.00684009 -0.59801513
-9.410621470789401 -0.0019568107025344466 1.09983696 1.67977324
-9.418433970789401 -0.2674499552109727 -2.07888183 -0.20960582
-9.426246470789401 -0.004489400041762221 -1.94293451 -0.52190398
-9.434058970789401 -2.833711523669367 -1.62290474 -0.41935989
-9.441871470789401 -0.013525065659843967 -0.18007272 -2.01241358
-9.449683970789401 -0.4464596207180911 -1.77488709 -0.61425059
-9.457496470789401 -0.6134009089533161  0.2015655  -2.12442387
-9.465308970789401 -0.10565773163056184 -0.27627797  2.03801761
-9.473121470789401 -0.49042712579333475  0.87457997 -1.6552702 
-9.480933970789401 -0.2620513567606427  0.29316713 -1.88469582
-9.488746470789401 -0.2313820743833348  1.36270166 -1.34272496
-9.496558970789401 -0.44871892612641623 -1.67497012 -0.84900479
-9.504371470789401 -0.8024991757607509 -1.35329179  1.23901521
-9.512183970789401 -0.10783919593140745 -1.75107621 -0.83757159
-9.519996470789401 -0.0033108985368595014  1.89477888 -0.60755724
-9.527808970789401 -0.05412022943944664 -1.8731178  -0.57177804
-9.535621470789401 -0.008288754155633188 -2.01184545  0.12982575
-9.543433970789401 -0.004051717299917484  0.87775194 -1.80957483
-9.551246470789401 -0.0009143030323090593 0.18752716 1.9858128 
-9.559058970789401 -0.01782948284480937 0.55173827 1.8976741 
-9.566871470789401 -1.4961004000250957  0.70087387 -1.62600026
-9.574683970789401 -0.0012900239320205857 0.56855402 1.92409548
-9.582496470789401 -0.017980375128314907 -1.79132275 -0.8344736 
-9.590308970789401 -1.3151042085876865 -0.50050116 -1.71423532
-9.598121470789401 -0.0001603536112576341 -1.2967254  -1.51972006
-9.605933970789401 -0.1311091130337925  2.05007732 -0.23069288
-9.613746470789401 -0.48207248251702106 -1.14850459 -1.78098053
-9.621558970789401 -0.15525596164798905 -1.84708553  0.55646839
-9.629371470789401 -0.4435788681278513 -0.02189203  1.87845029
-9.637183970789401 -0.379646134923785 1.81457639 0.52117716
-9.644996470789401 -0.1296599776502023 -0.31282055 -2.03881354
-9.652808970789401 -0.006833223683790868  1.65101749 -1.10258309
-9.660621470789401 -0.001136161078349157 -1.5042011   1.30902429
-9.668433970789401 -0.0005820945586895893 -1.95385661 -0.4066746 
-9.676246470789401 -1.090356383582428 -0.3521852   2.14809856
-9.684058970789401 -1.3157785001138274 0.69182797 2.08146049
-9.691871470789401 -0.011013994758799413 -0.22349078 -1.96871601
-9.699683970789401 -0.03393736000778866 -0.38205235 -1.92970778
-9.707496470789401 -0.31256450071442055 -1.89063954  0.17365664
-9.715308970789401 -0.07461716014119889 -0.84481929 -1.86532428
-9.723121470789401 -0.3424521421417302 -0.94322442  1.87726461
-9.730933970789401 -0.44710957928352985  1.50537389 -1.12295754
-9.738746470789401 -0.01198491809345712 -1.07301083  1.71057263
-9.746558970789401 -0.07070481600438701 1.92898816 0.68339377
-9.754371470789401 -0.8651490026602178 -1.82812529  0.01593586
-9.762183970789401 -0.16722434182978935 -0.26396428  2.05413742
-9.769996470789401 -0.00018708479215634403 -1.82074042 -0.8334123 
-9.777808970789401 -0.7052571810836488 -0.07810324  1.84392909
-9.785621470789401 -3.175195571472115 -1.64405286  0.19259046
-9.793433970789401 -0.232207162580358 -2.02039362  0.50867412
-9.801246470789401 -0.00033785128194505824 0.04745439 2.0026845 
-9.809058970789401 -0.6835717470291837 -1.96839654 -0.84263848
-9.816871470789401 -1.773353161277404 1.0746776  1.37964959
-9.824683970789401 -0.15881601091112674  1.15379678 -1.54497855
-9.832496470789401 -0.7064413713172027 -1.43805741 -1.15657562
-9.840308970789401 -0.35275581863092975 -1.50220808 -1.15039001
-9.848121470789401 -0.5065100061554036 -1.32435625  1.32016516
-9.855933970789401 -0.13122502099684788  2.04091828 -0.30133367
-9.863746470789401 -0.6452123357683357 -2.13571313  0.08193747
-9.871558970789401 -0.2679984220792871 1.60338141 1.03107178
-9.879371470789401 -0.6250735434444091 -1.97423873  0.81328429
-9.887183970789401 -0.016204255001057218  1.15811313 -1.65794626
-9.894996470789401 -0.00014746640228954398 -0.99308914  1.73849382
-9.902808970789401 -0.1601246472346081 -0.48170392  1.86681774
-9.910621470789401 -0.21259456430083057 1.88176857 0.36457428
-9.918433970789401 -0.5228338811654305 -1.83157488  0.36612017
-9.926246470789401 -0.22555893957458908 0.10554542 1.91129109
-9.934058970789401 -0.020903397056304136 -1.59602014  1.1621042 
-9.941871470789401 -0.45086546559176743 -1.01260907  1.85726154
-9.949683970789401 -0.6151777183480576  0.70342327 -2.0148952 
-9.957496470789401 -1.5907237298102117 -1.75633431  0.15316387
-9.965308970789401 -0.13047015406963422  1.91067412 -0.30645198
-9.973121470789401 -0.17034986955500828 -0.6176279   1.97746889
-9.980933970789401 -0.008481745847532793 -1.67942898 -1.05564972
-9.988746470789401 -0.19646446568957804 -0.97171999  1.83553275
-9.996558970789401 -0.17959165755296527 1.54151226 1.15068695
-10.004371470789401 -0.38395190809518787 -0.38854876 -1.84685659
-10.012183970789401 -0.010471429234860946 -0.27536029 -1.96260502
-10.019996470789401 -0.030511797501301452 -1.36027955 -1.50769835
-10.027808970789401 -0.04115345652879253 -1.5562577   1.19775459
-10.035621470789401 -1.2559182108942915 -1.59073224 -0.82288044
-10.043433970789401 -2.0283222672446097 -0.8856274   2.05492574
-10.051246470789401 -0.6575759168390861 1.845543   1.08044962
-10.059058970789401 -0.27777835769480247 -1.19276693  1.71755216
-10.066871470789401 -0.0031739034111023046 1.82460036 0.79435318
-10.074683970789401 -1.5136336171963996 -2.17466291  0.37522447
-10.082496470789401 -1.3441402727671545 -1.58481816 -1.51925977
-10.090308970789401 -0.1749553348168339  0.80142928 -1.74984138
-10.098121470789401 -0.3432649096998234 1.18651882 1.47576679
-10.105933970789401 -0.08919200894981127 -1.0325858   1.77339906
-10.113746470789401 -0.35570678579725507 -1.89127697  0.0366707 
-10.121558970789401 -2.5458823126021883  1.69181363 -0.097569  
-10.129371470789401 -1.2045575645465851  2.18541189 -0.00640895
-10.137183970789401 -1.1315566274400641 -0.89081509 -1.56660975
-10.144996470789401 -1.198897534795133 1.6805818  0.63356456
-10.152808970789401 -0.47002855183916653  1.62995151 -1.35205059
-10.160621470789401 -1.0198549023537367  0.8395391  -1.60657463
-10.168433970789401 -0.2446546616485756  0.32048144 -1.88349102
-10.176246470789401 -0.1342173981900468 2.02276492 0.40923777
-10.184058970789401 -0.29535444167650066  1.56086673 -1.08600512
-10.191871470789401 -0.709755458603824  0.04084551 -1.84461798
-10.199683970789401 -0.27846555001998 0.72547137 1.76083849
-10.207496470789401 -0.2646406918089247 -0.36133649  2.05747286
-10.215308970789401 -0.794508507750951 -1.86505624  1.07324104
-10.223121470789401 -0.04314252950755255 1.83778783 0.87715876
-10.230933970789401 -0.43162499813584204 -1.87303668 -0.16485553
-10.238746470789401 -0.07977999329366589 -1.37113754  1.3857334 
-10.246558970789401 -0.7463111325253415 -0.75228278  2.01120243
-10.254371470789401 -0.042616622519547766 -1.14280564 -1.59625236
-10.262183970789401 -0.5984225744060168 -1.65894699  0.83719341
-10.269996470789401 -0.04638254967467848 -2.02294675  0.24489443
-10.277808970789401 -0.2784087144100413  1.26729061 -1.4215743 
-10.285621470789401 -0.032287308524145 1.91926955 0.66592948
-10.293433970789401 -0.5236701591747085  1.35889419 -1.28129168
-10.301246470789401 -0.049275436759057004  1.80588834 -0.76276026
-10.309058970789401 -1.2355816763210568 1.7921889  0.04541167
-10.316871470789401 -0.18479314572868752  1.86337485 -0.47314495
-10.324683970789401 -0.3479760643121654  1.89228999 -0.04604217
-10.332496470789401 -0.014402306493653684 -1.01687774 -1.69738035
-10.340308970789401 -0.07858005140570587  0.86239675 -1.74872946
-10.348121470789401 -0.0013906558086951941 -1.20184037  1.59034922
-10.355933970789401 -1.5331016199531506 -1.10421364  1.38028379
-10.363746470789401 -0.08129611525162249 -0.60961558  1.8511497 
-10.371558970789401 -1.3399965356813133 2.14337062 0.47381074
-10.379371470789401 -0.8177551457610847 -0.53665994  1.75287214
-10.387183970789401 -0.07564641303036321 -1.06773688  1.63262245
-10.394996470789401 -0.41049642332525355  1.86681852 -0.98388612
-10.402808970789401 -2.326733028666989  1.91247863 -1.19206551
-10.410621470789401 -0.2535564349007323 1.92765763 0.80012208
-10.418433970789401 -0.35286770440268994 -1.51564272  1.13260181
-10.426246470789401 -0.053503901028022584 -0.21101828  1.94728299
-10.434058970789401 -0.2691338916675406 -0.81281338 -1.92514106
-10.441871470789401 -0.3276676020713719  1.08560415 -1.79617023
-10.449683970789401 -0.36301177321203537 -0.59454918  1.79456853
-10.457496470789401 -0.03952317257050645 1.94013737 0.30869254
-10.465308970789401 -0.9581577996680672 -2.1433236 -0.3135589
-10.473121470789401 -1.3273879044176158 -1.99905774  0.904678  
-10.480933970789401 -0.4601301831713614 -0.60549687  1.77587233
-10.488746470789401 -1.410514050149433 -0.63616828 -1.6599681 
-10.496558970789401 -0.09071633163995539 1.47201682 1.2728676 
-10.504371470789401 -0.02149612290152055  0.61870095 -1.92895879
-10.512183970789401 -0.05547388005680296 -0.45390737 -1.99010357
-10.519996470789401 -0.7975336426587124 1.78079433 0.4441753 
-10.527808970789401 -0.48042048752509714 -1.52601194 -1.47017007
-10.535621470789401 -0.00962037572320817 -1.93321322  0.57623099
-10.543433970789401 -0.19179983886630075  1.50066765 -1.43445938
-10.551246470789401 -0.20308181145642162 -1.75485516 -1.11316584
-10.559058970789401 -0.04849491516788786 -0.51929525  1.89066562
-10.566871470789401 -0.04017666226071306  0.0692108 -1.9630274
-10.574683970789401 -0.29998585972177827  1.50973629 -1.1547325 
-10.582496470789401 -0.27525097956125644 2.08780268 0.1098138 
-10.590308970789401 -0.23348739071345706 0.41934306 2.0410363 
-10.598121470789401 -0.08989120663760393 1.86735401 0.54862119
-10.605933970789401 -0.1311748542999661 2.04205228 0.29346708
-10.613746470789401 -0.7912364026241181 2.0334332  0.70294472
-10.621558970789401 -0.34001189978530116 -0.3639055   2.06878964
-10.629371470789401 -0.25023820563645843 -1.7443629   0.77683736
-10.637183970789401 -0.0795025810523745 -1.53134654  1.20648271
-10.644996470789401 -0.01163568790303942 2.01519672 0.12351904
-10.652808970789401 -0.5687398412715241  1.62310526 -1.37796689
-10.660621470789401 -0.38378640353063825 -0.63089109  2.00998323
-10.668433970789401 -0.08400618470913924  0.02453453 -2.05044986
-10.676246470789401 -0.0213074644779473 -0.50074046 -1.96277251
-10.684058970789401 -0.8037121894751725 0.67360112 1.70655803
-10.691871470789401 -0.6215433841104733 -1.48218943  1.11608489
-10.699683970789401 -0.010502554054757583  1.92342048 -0.47748085
-10.707496470789401 -0.5617048547887808  1.8656368  -1.02438003
-10.715308970789401 -0.03023004521002261  1.94850288 -0.57120898
-10.723121470789401 -0.20205233099786218 1.46848814 1.23519086
-10.730933970789401 -0.1058667739154242 -2.02251707 -0.37349335
-10.738746470789401 -0.42608351001967276  0.55499115 -1.79733702
-10.746558970789401 -0.14486647356493548  2.06618833e+00 -8.32306514e-05
-10.754371470789401 -0.09514849854055245 -1.10902499 -1.59748188
-10.762183970789401 -0.05529809919776297 -1.96556037 -0.55032034
-10.769996470789401 -4.245040910459778e-05 -1.58954495 -1.21191575
-10.777808970789401 -0.007415552023542885 1.88791175 0.61228891
-10.785621470789401 -4.341198735249588 -0.32793197 -1.55536658
-10.793433970789401 -1.901119458273342 2.230356   0.02187737
-10.801246470789401 -2.298950661716691 -2.04933317 -0.93400719
-10.809058970789401 -0.13141659464776892  1.62773229 -1.26760557
-10.816871470789401 -0.1677091977456907  1.33119974 -1.39223945
-10.824683970789401 -1.2146125519247215 0.82690171 1.59277587
-10.832496470789401 -0.002840477104786719 1.76601903 0.91841751
-10.840308970789401 -0.14424540854777074  1.52168751 -1.39750629
-10.848121470789401 -0.053920094102163606 2.01267436 0.33665571
-10.855933970789401 -0.06050785579951474 -0.02214303  1.95590724
-10.863746470789401 -0.013286706627992275 -1.99880803 -0.29372302
-10.871558970789401 -0.4322821937194878 -0.44184294  1.82752976
-10.879371470789401 -0.28879489312668166 -1.09694203  1.55458083
-10.887183970789401 -0.7664439593135742 -1.6551406   0.80091219
-10.894996470789401 -0.14927918334201865 -0.15099692  2.06165041
-10.902808970789401 -0.017611871578301436 -1.79296025  0.8315369 
-10.910621470789401 -0.1443270735490504 -1.78686776  0.73380575
-10.918433970789401 -0.9075125379313453 -1.41401254  1.15193498
-10.926246470789401 -0.550549288723372 -0.84634326 -1.66103488
-10.934058970789401 -1.3774623388288638 1.66541727 1.43397476
-10.941871470789401 -1.4173743548775355  0.23527018 -1.76148016
-10.949683970789401 -0.0011004156626083143 0.06404323 1.99309858
-10.957496470789401 -0.4348098824671764 -1.87751358 -0.09314354
-10.965308970789401 -0.1260770372747493  1.31277537 -1.42321681
-10.973121470789401 -0.008791620882195272 1.93201782 0.4483372 
-10.980933970789401 -0.029657969059588347 -1.47691611 -1.30266821
-10.988746470789401 -0.05674443173092796  0.50671805 -1.97779609
-10.996558970789401 -0.01360986511489065 -1.97826924 -0.41102656
-11.004371470789401 -0.01826692383424565 2.02098021 0.10586847
-11.012183970789401 -0.6036528015359175 -1.93489379 -0.89753736
