0.0 -68351257.21757922 0.0712575757514794 2.7105193760189437
0.0 -54580112.92075436 0.39123049845234403 2.8564347214124965
0.0 -46702058.00479256 0.22285555493832043 5.566417981835168
0.0 -38621524.77280889 0.8446305793228281 2.8703131250366285
0.0 -30508558.456679966 1.1876156899317487 2.356530506292331
0.0 -22839124.641225457 1.2902960626920361 3.661601641292804
0.0 -22200334.611344595 1.479459881884368 2.5164596070983305
0.0 -19167867.3874309 1.4357635644316469 3.7412814097104397
0.0 -19019725.48015595 4.912224415003549 3.002242673679617
0.0 -18352944.985370517 4.415387986595676 5.83287553462082
0.0 -17075067.130460236 1.525233491814308 3.7899370030481636
0.0 -14325132.45054221 4.784352845528232 2.3899497239773293
0.0 -11657526.091989988 4.804062644113389 1.325607342744092
0.0 -11051883.610503552 4.117358595337686 5.330673531623655
0.0 -9876518.245302062 4.720162332140497 1.183457089347065
0.0 -9428061.580717316 1.7794457732043405 5.051510407716162
0.0 -9051987.026083622 3.873738070962493 5.97116541610381
0.0 -8682984.434900459 4.109519542039345 4.502643114089314
0.0 -6478471.1755792275 3.951774336390183 4.48083431678924
0.0 -6477599.098572122 2.06890109929133 4.431901150002365
0.0 -6264138.261616585 3.966408363785241 4.299852742616312
0.0 -5004602.41923632 3.8329552530307915 4.443417132393403
0.0 -4285162.82127401 3.5159450800783216 5.746399500215711
0.0 -3628908.4281462817 3.8409733223138987 3.638573627864329
0.0 -2948700.432176791 3.539911773255933 4.836050330270485
0.0 -2537450.9934593732 3.4704368754148995 4.905964219811953
0.0 -2281833.942904517 2.8879504502167435 1.3763863991636724
0.0 -1219557.1895498857 3.073849430721494 1.185648019457239
0.0 -1056598.746554188 2.7167632015838477 4.698162505899747
0.0 -691934.3086120256 2.9011893543173004 4.874398896737009
0.0 -584211.0598199964 3.0074218337600738 4.605499858481505
0.0 -581136.8915984298 2.960247669530858 4.583958183250723
0.0 -551327.1584838172 3.0146138213878504 4.51197421058611
0.0 -525075.2368591573 3.182562898277345 4.11889351754299
0.0 -476266.2906947354 3.53350535794525 2.569692280189921
0.0 -457177.0083328332 3.0341087902553827 4.214346508883889
0.0 -441572.77888959483 3.099944095976645 4.130010526314734
0.0 -440998.21343282424 3.029763324577559 4.147069159270293
0.0 -432207.29020708357 3.08155631165465 4.124598897640714
0.0 -359242.60613212845 3.048482136930977 3.762224739672442
0.0 -339454.6441285828 3.138942847712623 3.7816324942067947
0.0 -338583.2555728023 3.1115627101381294 3.7965576157187715
0.0 -318497.77819473756 3.1745427061372995 3.664748030200636
0.0 -294025.9311674464 3.1340135128099664 3.6191744132047545
0.0 -231103.0320471229 3.3293569915491994 3.0043978181599265
0.0 -190927.6721232144 3.2643780115339354 3.0746129684317154
0.0 -168824.06979589388 3.4964604588007187 2.1327970605179822
0.0 -151289.86956795192 3.2891781904145043 2.8704368821352517
0.0 -118368.44040897614 3.2981949321750905 2.706096412793674
0.0 -112470.99717912482 3.251090881529843 2.650820598518533
0.0 -105611.96898508718 3.2636702308473002 2.6242947856301937
0.0 -87955.8064893215 3.3165695881630093 2.5105062562397036
0.0 -67684.1817044669 3.3577558353354386 2.3176301574293348
0.0 -66034.77024070875 3.316518706897864 2.3321222607753462
0.0 -63779.3747219534 3.358241153671377 2.292110796562455
0.0 -62126.08654405992 3.3107625265912133 2.2433057429137677
0.0 -56251.62934083634 3.3276115737001017 2.236137712079365
0.0 -54615.16077350905 3.393333975335693 2.1500483548698943
0.0 -50244.59424619032 3.3466206017221767 2.1940458174314186
0.0 -48194.766126260605 3.347112867560776 2.1711430651782053
0.0 -45145.09372293437 3.3806100628228126 2.1176520748521126
0.0 -45007.43821945446 3.350537947882341 2.1358109944694714
0.0 -42460.98237301668 3.3487774128184644 2.0928634220260323
0.0 -38243.4893927216 3.3512367788885693 1.8730427380502537
0.0 -37151.0916861172 3.3685283516027957 2.0531445801827006
0.0 -33583.82764367345 3.385029955883376 2.0076209521232995
0.0 -30401.042308349934 3.392377591110985 1.9659956731706898
0.0 -24826.431247981804 3.3827039453444083 1.8686359589945152
0.0 -24520.598458199078 3.379827037778276 1.8008337952071831
0.0 -24368.402177724973 3.380796510851253 1.8275016178353158
0.0 -22187.75981993102 3.435627708131444 1.791437819388849
0.0 -21809.01975153091 3.415586060304878 1.8370077549868675
0.0 -16947.7499770391 3.485618871289505 1.5534758701147986
0.0 -16429.362896618444 3.431207235473038 1.7423074907503167
0.0 -15327.086092256686 3.420172842351022 1.7421473272637327
0.0 -13192.75584066742 3.41780988319843 1.6940815706675554
0.0 -10656.789712927804 3.4258967855691393 1.640013136769522
0.0 -10187.55904367076 3.429777189750534 1.6352044202880434
0.0 -10077.564803729125 3.4367593918123465 1.6349598394693543
0.0 -9132.231836746669 3.4306774921659473 1.601331485853891
0.0 -8600.155937003454 3.43647893431706 1.5989267138387557
0.0 -8141.9516056546845 3.4375860024854745 1.5863624773547356
0.0 -8008.337076760619 3.4630151408328396 1.5445399894306062
0.0 -7335.572369398514 3.4519687989373775 1.560502252859841
0.0 -7299.431501474835 3.439508932702122 1.5604085482573433
0.0 -7065.555174721294 3.457774047553917 1.543189080505782
0.0 -6976.772249866735 3.437573033962529 1.501239515957522
0.0 -6397.5837652424925 3.448681827339298 1.5417400153985072
0.0 -4849.727661742805 3.527108786604564 1.1874163293240456
0.0 -4598.399807406093 3.4558814770131656 1.4844762994171472
0.0 -4457.028833257025 3.4594849197741713 1.479062982599654
0.0 -4266.434878433465 3.504978811713878 1.0361848511578122
0.0 -3866.024720582181 3.464878289370418 1.4548380319444476
0.0 -3778.4777601851547 3.4601583256093393 1.4541110591690192
0.0 -3707.5564426748333 3.4655336284676315 1.448993602183658
0.0 -3673.8455130467155 3.4592511620533575 1.447750409542401
0.0 -3657.365836679528 3.4574425682251264 1.381596151948736
0.0 -3587.8632792690823 3.4594284084683977 1.4433998111927133
0.0 -3370.872700814848 3.462648263521557 1.4376995466263964
0.0 -3274.0849227453714 3.4659067634114518 1.4336192156145204
0.0 -2783.8982526822333 3.4627999246720735 1.3866587739893226
0.0 -2749.4847029950397 3.4673031802322294 1.4105918001428503
0.0 -2727.64747412194 3.4673126570671675 1.4094829292891933
0.0 -2679.1608068222567 3.4712747828038677 1.4054745417571035
0.0 -2627.0205663742663 3.464218420666316 1.3672052833250876
0.0 -2494.699371525094 3.4652504594641327 1.3659125600680309
0.0 -2324.039317019302 3.4699675850936176 1.3891622727080533
0.0 -2274.8778418341417 3.4707653764614834 1.386915337597174
0.0 -2125.519821876039 3.4745412465087795 1.3781044884642608
0.0 -1831.8498362935886 3.4773458179309085 1.36071539158976
0.0 -1759.0831406371353 3.4822788122486283 1.224851277996993
0.0 -1753.935579447028 3.525879039910223 1.0417719452426484
0.0 -1737.8390388896598 3.488465587121759 1.3272044497525068
0.0 -1724.9679950570196 3.4735576836363027 1.3499088184471781
0.0 -1567.0348440633638 3.486860568495344 1.3264661227693204
0.0 -1554.748496188533 3.474598765065843 1.3254896791737645
0.0 -1317.180393795099 3.479678668627733 1.3264558379691767
0.0 -1245.094677551123 3.485931020370768 1.3145119844678417
0.0 -1212.1340834238633 3.485162111419271 1.314436963200495
0.0 -1076.0290607010975 3.481183323500849 1.2869066971878496
0.0 -1074.1895607910978 3.4849537433932607 1.3056369753964596
0.0 -993.9701307562104 3.5157737294274316 1.0980585563927325
0.0 -973.2230365273842 3.4886524677909265 1.2915004666766046
0.0 -945.6327244051404 3.4885880396556344 1.2897403599968067
0.0 -945.2689202932378 3.4839687369140124 1.2910036442038355
0.0 -904.9710420027561 3.48602621172796 1.2895306447455355
0.0 -886.8297368556188 3.485403354935712 1.2863228984293102
0.0 -833.42625372011 3.490567041442807 1.276551680726258
0.0 -824.0936677210916 3.4881814219586027 1.2799927604402175
0.0 -813.2204564976189 3.4899605674345042 1.2762776754255214
0.0 -794.8138431822822 3.513243419160705 1.1240799638148735
0.0 -793.0987899848957 3.5123563945444776 1.120577484828827
0.0 -758.6238086322599 3.5032866344496587 1.2168508533108702
1.087561e-317 -718.5831882155048 3.5103297244070446 1.1302627994887926
1.043566322917764e-309 -700.170467930716 3.4902427286381603 1.263417402154924
6.4084327395018225e-308 -696.0195787694236 3.5052618237361353 1.1998377174150276
2.8091885264443394e-300 -678.3902837697412 3.491485147127957 1.2593843758560208
2.944095981383116e-299 -676.0074592017224 3.5039675757456656 1.2063287656749047
4.079286393769318e-266 -599.662697532662 3.5044324457468763 1.155795055668369
8.19928870167086e-264 -594.3260686761623 3.492247856154072 1.2295824411908267
2.195541285185976e-263 -593.3077690413438 3.5001419618955874 1.220062045162814
3.827253778503739e-259 -583.5083764344415 3.4970869098126767 1.191897772440847
8.5139890693398e-254 -571.1625545694712 3.4929863014273064 1.237373712524586
1.679943195291625e-253 -570.4495867461865 3.4959107350271785 1.2013207368629724
1.624868106381111e-253 -570.4495867461865 3.5044505698380286 1.184677187048493
8.687054322153704e-250 -561.8320908725268 3.4949088462454707 1.2360315431076585
2.5007167972105758e-247 -556.1362587590769 3.4944832557716583 1.215291086543073
1.1922804450402541e-244 -549.9358797427681 3.4995821659792155 1.217524172874792
1.1531928427328201e-244 -549.9358797427681 3.5003060261905548 1.1989277286687783
1.634955009678694e-244 -549.5534656028026 3.5040926672436323 1.1901877493639843
1.0666620922614926e-242 -545.3420431378122 3.494223265487891 1.2219005966544014
4.0130882083871144e-241 -541.6810978724054 3.4964839031846333 1.2285385245825848
3.881523527806622e-241 -541.6810978724054 3.499044221330399 1.209893973019215
1.0685407175805043e-239 -538.3325281891676 3.5044505698380286 1.184677187048493
1.0552867440341163e-237 -533.7065060468408 3.496572493989183 1.2030096750192683
4.2440433407533006e-237 -532.2814688058576 3.503235250924197 1.193134424075416
4.113023007613554e-237 -532.2794936223564 3.494700572858866 1.2241042523220558
9.192250603382306e-236 -529.1393726757581 3.4968582005610864 1.2019094456736965
8.890892783257068e-236 -529.1393726757581 3.503009963586305 1.1835320394424689
4.321958477320091e-234 -525.2221879757284 3.4993314700591256 1.187371040935954
4.180267824878813e-234 -525.2221879757284 3.503009963586305 1.1835320394424689
4.043222344549805e-234 -525.2221879757284 3.49938834363765 1.2045390404823118
1.6916200514655568e-233 -523.757624853393 3.5007486145256324 1.2073158276366505
1.6361621496757355e-233 -523.757624853393 3.4984027489979166 1.2046579621046578
1.6309904783109792e-233 -523.7274573811462 3.504490704320741 1.1724737637186458
1.5775202503552748e-233 -523.7274573811462 3.4967068371332037 1.2167777229268002
7.418004578037445e-233 -522.1460681039362 3.495363133681992 1.2226804466126495
9.412334263610967e-232 -519.5720387889733 3.497448581241891 1.2210640130324204
9.103761242883248e-232 -519.5720387889733 3.503289150265375 1.1879021998008357
1.13749105535137e-231 -519.3159830057832 3.502019002806346 1.1987827356877658
5.975007211674466e-231 -517.6238893760428 3.496304925316041 1.2228643982896905
5.779123175627815e-231 -517.6238893760428 3.503289150265375 1.1879021998008357
1.6863590093253212e-230 -516.5196511487188 3.4989218214811464 1.214912478807811
8.515775193088049e-230 -514.866969239339 3.503289150265375 1.1879021998008357
5.231251756796963e-229 -513.0183205704301 3.501383237291365 1.180272693099101
5.059750924848955e-229 -513.0183205704301 3.499044221330399 1.209893973019215
4.4478480979519995e-228 -510.81129899612756 3.50126036911854 1.2016040425068397
4.302030292837081e-228 -510.81129899612756 3.499960157307067 1.193549705657659
4.16099296399347e-228 -510.81129899612756 3.4978345731935176 1.2036048155926982
4.0245793887669494e-228 -510.81129899612756 3.501240634939557 1.192703431938577
3.892637982483542e-228 -510.81129899612756 3.502519205053023 1.1820923289142096
2.026904870187367e-227 -509.12795770715644 3.503530298853876 1.1809468414927764
1.9604550245906712e-227 -509.12795770715644 3.497949595479497 1.2062269371812784
5.643688441513063e-227 -508.03726314477444 3.503380276372623 1.1828850708906613
5.458666326735799e-227 -508.03726314477444 3.498817988773921 1.1977986081483465
5.279709958377395e-227 -508.03726314477444 3.501624951868437 1.191165788426252
5.106620477617952e-227 -508.03726314477444 3.4967068371332037 1.2167777229268002
4.939205545003343e-227 -508.03726314477444 3.498817988773921 1.1977986081483465
1.4091944136474489e-226 -506.9555310125886 3.498790208231453 1.194352766889151
1.3629955255889987e-226 -506.9555310125886 3.499844751140855 1.2035727194636285
1.3183112172346534e-226 -506.9555310125886 3.5003060261905548 1.1989277286687783
5.401553917983309e-226 -505.5118625411003 3.4967068371332037 1.2167777229268002
4.820348188130095e-225 -503.28978462588225 3.503009963586305 1.1835320394424689
4.662318377488304e-225 -503.28978462588225 3.499166571628973 1.1966604733561705
4.509469400279967e-225 -503.28978462588225 3.501144734451775 1.1914430248583658
4.361631408581852e-225 -503.28978462588225 3.5012747824255284 1.191548701878159
4.218640122748025e-225 -503.28978462588225 3.49938834363765 1.2045390404823118
4.0803366488614e-225 -503.28978462588225 3.499190529974439 1.2025530310335204
4.582549345436741e-225 -503.1403753206282 3.4972095686434996 1.2072523868497382
4.4323155081598276e-225 -503.1403753206282 3.501624951868437 1.191165788426252
8.290630180225802e-225 -502.4808381396971 3.4969139992353693 1.2116517006911012
8.018830993456674e-225 -502.4808381396971 3.49938834363765 1.2045390404823118
6.521374076690414e-224 -500.35162726151657 3.502519205053023 1.1820923289142096
6.307578004241136e-224 -500.35162726151657 3.5001151532674406 1.1978777518678694
1.540097988182785e-223 -499.42561456045746 3.497211206638033 1.2106363716644453
1.4896075704902114e-223 -499.42561456045746 3.499166571628973 1.1966604733561705
1.4407724255780606e-223 -499.42561456045746 3.500067663875805 1.1947605355750213
1.6716504012749279e-223 -499.24364920089533 3.499044221330399 1.209893973019215
1.6168471824903652e-223 -499.24364920089533 3.498311082449263 1.2112098070948232
1.5638406269235187e-223 -499.24364920089533 3.501838133097362 1.1935836757757197
1.512571832948347e-223 -499.24364920089533 3.5014362811544824 1.1885958642337042
1.4629838299632648e-223 -499.24364920089533 3.500067663875805 1.1947605355750213
1.4150215150851809e-223 -499.24364920089533 3.4984027489979166 1.2046579621046578
1.36863159191887e-223 -499.24364920089533 3.5017890762074293 1.1901457784196505
1.4429380039002092e-223 -499.15744595468686 3.4978345731935176 1.2036048155926982
1.3956328693696922e-223 -499.15744595468686 3.5009298562036957 1.1951042341363163
1.3498785816161538e-223 -499.15744595468686 3.501596567052887 1.194928993068163
1.305624297834997e-223 -499.15744595468686 3.4996897739781465 1.195882960363899
1.2628208420465611e-223 -499.15744595468686 3.5009298562036957 1.1951042341363163
1.2214206504517151e-223 -499.15744595468686 3.4992774919748686 1.2082721844355737
1.1813777185780045e-223 -499.15744595468686 3.5014362811544824 1.1885958642337042
1.1426475501593807e-223 -499.15744595468686 3.5004502445015566 1.197733969157548
1.1051871076905071e-223 -499.15744595468686 3.501144734451775 1.1914430248583658
2.3361380104817674e-223 -498.3756281271652 3.501838133097362 1.1935836757757197
6.257924540710932e-223 -497.35694534976017 3.4992774919748686 1.2082721844355737
7.077593226190323e-223 -497.20052669343954 3.501596567052887 1.194928993068163
6.845562121033483e-223 -497.20052669343954 3.501144734451775 1.1914430248583658
1.445344192178833e-222 -496.4198613554083 3.498311082449263 1.2112098070948232
1.3979601734135684e-222 -496.4198613554083 3.4996897739781465 1.195882960363899
1.3521295875581843e-222 -496.4198613554083 3.500542474791117 1.2003654540546569
1.3078015070244097e-222 -496.4198613554083 3.4988144738793165 1.2015813384881304
2.1145617664469467e-222 -495.90602792215157 3.498817988773921 1.1977986081483465
2.0452381859712198e-222 -495.90602792215157 3.5014362811544824 1.1885958642337042
2.1355001838254032e-222 -495.82950794650804 3.5021534420966804 1.18572688629972
2.0654901603782758e-222 -495.82950794650804 3.501624951868437 1.191165788426252
1.9977753385049757e-222 -495.82950794650804 3.4996964784216655 1.1955198196449504
1.9322804725479606e-222 -495.82950794650804 3.5001011626058802 1.1911360947125293
1.8689327836953166e-222 -495.82950794650804 3.501624951868437 1.191165788426252
1.8076618791088192e-222 -495.82950794650804 3.499844751140855 1.2035727194636285
1.7483996737015607e-222 -495.82950794650804 3.500542474791117 1.2003654540546569
1.6910803144816865e-222 -495.82950794650804 3.500137901145788 1.1964126189615194
1.6356401073748176e-222 -495.82950794650804 3.500067663875805 1.1947605355750213
1.5820174464469985e-222 -495.82950794650804 3.501624951868437 1.191165788426252
1.5301527454470128e-222 -495.82950794650804 3.5012747824255284 1.191548701878159
1.479988371593056e-222 -495.82950794650804 3.5016753033783923 1.1932337016699675
1.431468581530993e-222 -495.82950794650804 3.4996964784216655 1.1955198196449504
2.345038109257252e-222 -495.3025738575062 3.5016753033783923 1.1932337016699675
2.2681586155175643e-222 -495.3025738575062 3.5003060261905548 1.1989277286687783
2.1937995313755055e-222 -495.3025738575062 3.4984027489979166 1.2046579621046578
2.121878227976333e-222 -495.3025738575062 3.499190529974439 1.2025530310335204
4.1543862853151154e-222 -494.5973774649222 3.5001011626058802 1.1911360947125293
4.018189302778534e-222 -494.5973774649222 3.5003060261905548 1.1989277286687783
3.8864573884318604e-222 -494.5973774649222 3.499960157307067 1.193549705657659
3.7590441599286587e-222 -494.5973774649222 3.49938834363765 1.2045390404823118
3.635808033905758e-222 -494.5973774649222 3.5009298562036957 1.1951042341363163
3.516612068655583e-222 -494.5973774649222 3.49938834363765 1.2045390404823118
3.4013238119529227e-222 -494.5973774649222 3.4996964784216655 1.1955198196449504
3.289815153873797e-222 -494.5973774649222 3.49938834363765 1.2045390404823118
3.18196218443634e-222 -494.5973774649222 3.499190529974439 1.2025530310335204
3.0776450559116405e-222 -494.5973774649222 3.5009298562036957 1.1951042341363163
4.71632458127955e-222 -494.13717903803445 3.5015180277643165 1.1938340634833673
4.5617050701125146e-222 -494.13717903803445 3.49938834363765 1.2045390404823118
4.4121545894633553e-222 -494.13717903803445 3.500542474791117 1.2003654540546569
4.267506956744419e-222 -494.13717903803445 3.4980879460685017 1.209850153751566
4.127601437482294e-222 -494.13717903803445 3.49938834363765 1.2045390404823118
3.9922825667054407e-222 -494.13717903803445 3.4984027489979166 1.2046579621046578
3.861399976191247e-222 -494.13717903803445 3.4984027489979166 1.2046579621046578
3.872209452089668e-222 -494.1010502485721 3.497949595479497 1.2062269371812784
3.745263326499847e-222 -494.1010502485721 3.500542474791117 1.2003654540546569
3.622478989935352e-222 -494.1010502485721 3.501144734451775 1.1914430248583658
3.5037200027233727e-222 -494.1010502485721 3.501240634939557 1.192703431938577
3.3888543982148134e-222 -494.1010502485721 3.4984027489979166 1.2046579621046578
3.2777545361427264e-222 -494.1010502485721 3.500067663875805 1.1947605355750213
3.1702969607850895e-222 -494.1010502485721 3.4996897739781465 1.195882960363899
3.073587698391095e-222 -494.09869666654276 3.4985402265186023 1.200622250911719
2.972823508127389e-222 -494.09869666654276 3.5004502445015566 1.197733969157548
2.875362760952133e-222 -494.09869666654276 3.4984027489979166 1.2046579621046578
2.781097157119381e-222 -494.09869666654276 3.4988144738793165 1.2015813384881304
2.6899219473705285e-222 -494.09869666654276 3.500137901145788 1.1964126189615194
3.081349058227341e-222 -493.929508003548 3.4980879460685017 1.209850153751566
2.980330420322471e-222 -493.929508003548 3.498268757793721 1.2084441040472589
2.8826235672922855e-222 -493.929508003548 3.501144734451775 1.1914430248583658
2.7881199259138995e-222 -493.929508003548 3.5009298562036957 1.1951042341363163
2.6967144824187028e-222 -493.929508003548 3.500695891442798 1.1904242466220634
2.6083056657982996e-222 -493.929508003548 3.500542474791117 1.2003654540546569
2.52279523493863e-222 -493.929508003548 3.499960157307067 1.193549705657659
2.4400881694518628e-222 -493.929508003548 3.5003060261905548 1.1989277286687783
3.6017240624607357e-222 -493.50679620682604 3.499166571628973 1.1966604733561705
3.483645502705389e-222 -493.50679620682604 3.500695891442798 1.1904242466220634
3.3694380185884856e-222 -493.50679620682604 3.5017890762074293 1.1901457784196505
3.258974701154885e-222 -493.50679620682604 3.498268757793721 1.2084441040472589
3.254073385703998e-222 -493.47496794955254 3.500542474791117 1.2003654540546569
3.1473921708029946e-222 -493.47496794955254 3.500695891442798 1.1904242466220634
3.0442083821315875e-222 -493.47496794955254 3.4988144738793165 1.2015813384881304
2.944407360420039e-222 -493.47496794955254 3.5009671923704877 1.1930790778199412
3.055579773974962e-222 -493.40457282388843 3.4980846608465166 1.2092641109384088
2.9554059536958415e-222 -493.40457282388843 3.500067663875805 1.1947605355750213
2.85851622187492e-222 -493.40457282388843 3.499960157307067 1.193549705657659
2.7648029132865e-222 -493.40457282388843 3.499960157307067 1.193549705657659
2.7695475661360466e-222 -493.3695248705542 3.5017890762074293 1.1901457784196505
2.6787509970176186e-222 -493.3695248705542 3.499190529974439 1.2025530310335204
6.178942528076505e-222 -492.50039503235496 3.501624951868437 1.191165788426252
5.976372697108766e-222 -492.50039503235496 3.4996964784216655 1.1955198196449504
5.780443895124515e-222 -492.50039503235496 3.499960157307067 1.193549705657659
5.59093840329752e-222 -492.50039503235496 3.5002643768545942 1.1981500670044867
5.407645640472376e-222 -492.50039503235496 3.4996897739781465 1.195882960363899
5.230361929166072e-222 -492.50039503235496 3.5004638614115704 1.1911277331838044
5.058890269237703e-222 -492.50039503235496 3.5012747824255284 1.191548701878159
4.8930401189783264e-222 -492.50039503235496 3.4994073426824364 1.20157628943359
4.7326271833803704e-222 -492.50039503235496 3.500695891442798 1.1904242466220634
4.5774732093441796e-222 -492.50039503235496 3.499960157307067 1.193549705657659
4.784047910788746e-222 -492.42292181249303 3.498268757793721 1.2084441040472589
4.627208164792055e-222 -492.42292181249303 3.5001151532674406 1.1978777518678694
4.475510237268806e-222 -492.42292181249303 3.501240634939557 1.192703431938577
4.3287855593583167e-222 -492.42292181249303 3.5004638614115704 1.1911277331838044
4.186871088545497e-222 -492.42292181249303 3.5002643768545942 1.1981500670044867
4.049609127483719e-222 -492.42292181249303 3.500695891442798 1.1904242466220634
3.91684714876126e-222 -492.42292181249303 3.5003060261905548 1.1989277286687783
3.788437625408829e-222 -492.42292181249303 3.4997699728444296 1.1997738568016425
3.6642378669673486e-222 -492.42292181249303 3.5014362811544824 1.1885958642337042
3.544109860926568e-222 -492.42292181249303 3.499960157307067 1.193549705657659
3.427920119365323e-222 -492.42292181249303 3.500137901145788 1.1964126189615194
3.315539530616252e-222 -492.42292181249303 3.4996568547731948 1.1998958629465306
3.2068432157965064e-222 -492.42292181249303 3.499190529974439 1.2025530310335204
3.1017103900399665e-222 -492.42292181249303 3.500695891442798 1.1904242466220634
3.000024228278899e-222 -492.42292181249303 3.5004638614115704 1.1911277331838044
2.901671735427544e-222 -492.42292181249303 3.501144734451775 1.1914430248583658
2.806543620819009e-222 -492.42292181249303 3.5004638614115704 1.1911277331838044
2.7145341767612936e-222 -492.42292181249303 3.4996897739781465 1.195882960363899
2.6255411610721207e-222 -492.42292181249303 3.50039451051332 1.1959560293937987
2.5394656834672517e-222 -492.42292181249303 3.5001151532674406 1.1978777518678694
2.456212095671002e-222 -492.42292181249303 3.499844751140855 1.2035727194636285
2.3756878851317143e-222 -492.42292181249303 3.500949692057424 1.1908679791918613
2.297803572219379e-222 -492.42292181249303 3.5002643768545942 1.1981500670044867
2.2224726107957185e-222 -492.42292181249303 3.499844751140855 1.2035727194636285
2.1496112920418408e-222 -492.42292181249303 3.500067663875805 1.1947605355750213
2.0791386514408586e-222 -492.42292181249303 3.5012747824255284 1.191548701878159
2.0109763788079905e-222 -492.42292181249303 3.499960157307067 1.193549705657659
1.9450487312720378e-222 -492.42292181249303 3.4996897739781465 1.195882960363899
1.8812824491084707e-222 -492.42292181249303 3.4994073426824364 1.20157628943359
1.8196066743318845e-222 -492.42292181249303 3.500695891442798 1.1904242466220634
1.7599528719583698e-222 -492.42292181249303 3.5001151532674406 1.1978777518678694
1.7022547538476363e-222 -492.42292181249303 3.5001151532674406 1.1978777518678694
1.9966672070365802e-222 -492.2300627831263 3.499844751140855 1.2035727194636285
1.9312086699501677e-222 -492.2300627831263 3.500067663875805 1.1947605355750213
1.867896118966299e-222 -492.2300627831263 3.4994073426824364 1.20157628943359
1.8066592002920088e-222 -492.2300627831263 3.4996897739781465 1.195882960363899
1.747429866606429e-222 -492.2300627831263 3.500067663875805 1.1947605355750213
1.690142301444817e-222 -492.2300627831263 3.498868483160953 1.2056989004946004
1.6347328460631886e-222 -492.2300627831263 3.49938834363765 1.2045390404823118
1.5811399286990466e-222 -492.2300627831263 3.4996897739781465 1.195882960363899
1.529303996152735e-222 -492.2300627831263 3.49938834363765 1.2045390404823118
1.4791674476103576e-222 -492.2300627831263 3.501144734451775 1.1914430248583658
1.4306745706376553e-222 -492.2300627831263 3.500067663875805 1.1947605355750213
1.3837714792708844e-222 -492.2300627831263 3.501144734451775 1.1914430248583658
1.559899613214605e-222 -492.0769207085341 3.4981818346462408 1.2065449713046923
1.932031753212909e-222 -491.8296366728225 3.499893829561695 1.1934061046341695
1.8686922183499532e-222 -491.8296366728225 3.5004638614115704 1.1911277331838044
1.8074292004335657e-222 -491.8296366728225 3.500137901145788 1.1964126189615194
1.7481746231406168e-222 -491.8296366728225 3.5001151532674406 1.1978777518678694
1.690862641955719e-222 -491.8296366728225 3.500949692057424 1.1908679791918613
1.6354295710030694e-222 -491.8296366728225 3.499190529974439 1.2025530310335204
1.5818138122785965e-222 -491.8296366728225 3.4984027489979166 1.2046579621046578
1.61508809292144e-222 -491.77548600866726 3.5014362811544824 1.1885958642337042
1.5621392071704423e-222 -491.77548600866726 3.4996568547731948 1.1998958629465306
2.2927429128790143e-222 -491.3584599645367 3.499285286658655 1.197057501981211
2.217577859602663e-222 -491.3584599645367 3.5003060261905548 1.1989277286687783
2.144877009880064e-222 -491.3584599645367 3.50039451051332 1.1959560293937987
2.0745595775097632e-222 -491.3584599645367 3.501240634939557 1.192703431938577
2.0065474247765374e-222 -491.3584599645367 3.501240634939557 1.192703431938577
1.9407649756245222e-222 -491.3584599645367 3.5003308680342227 1.1942484901826873
1.8771391316756624e-222 -491.3584599645367 3.5006267602371652 1.191323384237935
1.8155991910014648e-222 -491.3584599645367 3.4996568547731948 1.1998958629465306
1.7560767695587747e-222 -491.3584599645367 3.5002643768545942 1.1981500670044867
1.698505725199631e-222 -491.3584599645367 3.501144734451775 1.1914430248583658
1.6428220841739983e-222 -491.3584599645367 3.4994073426824364 1.20157628943359
1.6762834602645506e-222 -491.3049630604262 3.5004638614115704 1.1911277331838044
1.6213283517396114e-222 -491.3049630604262 3.4995947333279 1.2009435026573754
1.5681748859704633e-222 -491.3049630604262 3.4984027489979166 1.2046579621046578
1.5167639980822118e-222 -491.3049630604262 3.4997699728444296 1.1997738568016425
1.4670385595765348e-222 -491.3049630604262 3.501240634939557 1.192703431938577
1.4189433148503172e-222 -491.3049630604262 3.5003308680342227 1.1942484901826873
1.3724248197945765e-222 -491.3049630604262 3.4996897739781465 1.195882960363899
1.3274313824063947e-222 -491.3049630604262 3.5009298562036957 1.1951042341363163
1.2839130053485905e-222 -491.3049630604262 3.499529831130716 1.1995510846234119
1.2418213303913635e-222 -491.3049630604262 3.4996964784216655 1.1955198196449504
1.2011095846765477e-222 -491.3049630604262 3.5003060261905548 1.1989277286687783
1.1617325287423813e-222 -491.3049630604262 3.5009298562036957 1.1951042341363163
1.12364640625334e-222 -491.3049630604262 3.5002643768545942 1.1981500670044867
1.0868088953769464e-222 -491.3049630604262 3.499529831130716 1.1995510846234119
1.0511790617556187e-222 -491.3049630604262 3.5006267602371652 1.191323384237935
1.0167173130196339e-222 -491.3049630604262 3.500695891442798 1.1904242466220634
9.833853547913672e-223 -491.3049630604262 3.4997699728444296 1.1997738568016425
9.511461481324489e-223 -491.3049630604262 3.4994073426824364 1.20157628943359
9.199638683851232e-223 -491.3049630604262 3.5003308680342227 1.1942484901826873
8.89803865363827e-223 -491.3049630604262 3.501144734451775 1.1914430248583658
8.606326248509937e-223 -491.3049630604262 3.4996964784216655 1.1955198196449504
8.324177313559965e-223 -491.3049630604262 3.5009671923704877 1.1930790778199412
8.051278320942036e-223 -491.3049630604262 3.500695891442798 1.1904242466220634
7.787326021476662e-223 -491.3049630604262 3.5004502445015566 1.197733969157548
7.532027107674939e-223 -491.3049630604262 3.4996568547731948 1.1998958629465306
8.97212688428308e-223 -491.0966711780724 3.4984027489979166 1.2046579621046578
8.677985578046312e-223 -491.0966711780724 3.500695891442798 1.1904242466220634
8.393487370836818e-223 -491.0966711780724 3.501240634939557 1.192703431938577
8.118316124265997e-223 -491.0966711780724 3.5001571182887226 1.1966491241208415
7.852166064192541e-223 -491.0966711780724 3.4995947333279 1.2009435026573754
7.594741440945248e-223 -491.0966711780724 3.4997699728444296 1.1997738568016425
7.345756200680377e-223 -491.0966711780724 3.498868483160953 1.2056989004946004
7.1049336675134e-223 -491.0966711780724 3.4995947333279 1.2009435026573754
6.95302130846146e-223 -491.08495098446053 3.500695891442798 1.1904242466220634
6.7250741565382086e-223 -491.08495098446053 3.5002643768545942 1.1981500670044867
6.504600001139399e-223 -491.08495098446053 3.4996964784216655 1.1955198196449504
6.291353848297133e-223 -491.08495098446053 3.498868483160953 1.2056989004946004
6.085098735902253e-223 -491.08495098446053 3.498945786039203 1.2000564550883177
5.885605470387539e-223 -491.08495098446053 3.5003060261905548 1.1989277286687783
5.6926523720436465e-223 -491.08495098446053 3.4997699728444296 1.1997738568016425
5.506025028687864e-223 -491.08495098446053 3.5012747824255284 1.191548701878159
5.325516057403659e-223 -491.08495098446053 3.5001151532674406 1.1978777518678694
5.15092487409643e-223 -491.08495098446053 3.498868483160953 1.2056989004946004
5.669316500310098e-223 -490.95572537309135 3.499960157307067 1.193549705657659
5.483454197828392e-223 -490.95572537309135 3.49938834363765 1.2045390404823118
5.3036851863951226e-223 -490.95572537309135 3.4988144738793165 1.2015813384881304
5.1298097041691346e-223 -490.95572537309135 3.498868483160953 1.2056989004946004
4.9616345382813735e-223 -490.95572537309135 3.499190529974439 1.2025530310335204
4.798972810133221e-223 -490.95572537309135 3.499190529974439 1.2025530310335204
4.641643767736368e-223 -490.95572537309135 3.5001571182887226 1.1966491241208415
4.489472584856456e-223 -490.95572537309135 3.4996897739781465 1.195882960363899
4.342290166745864e-223 -490.95572537309135 3.500067663875805 1.1947605355750213
4.199932962240944e-223 -490.95572537309135 3.4995947333279 1.2009435026573754
4.062242782024649e-223 -490.95572537309135 3.5001571182887226 1.1966491241208415
3.929066622841175e-223 -490.95572537309135 3.498945786039203 1.2000564550883177
3.800256497478129e-223 -490.95572537309135 3.50039451051332 1.1959560293937987
3.6756692703223126e-223 -490.95572537309135 3.4996568547731948 1.1998958629465306
3.555166498302795e-223 -490.95572537309135 3.5002643768545942 1.1981500670044867
3.4386142770528016e-223 -490.95572537309135 3.501144734451775 1.1914430248583658
3.3258830921124854e-223 -490.95572537309135 3.50039451051332 1.1959560293937987
3.2168476750121717e-223 -490.95572537309135 3.5001571182887226 1.1966491241208415
3.111386864069974e-223 -490.95572537309135 3.499034668747518 1.2013187589246956
5.3606620248248324e-223 -490.37837312399887 3.498945786039203 1.2000564550883177
5.184918619653206e-223 -490.37837312399887 3.501240634939557 1.192703431938577
5.014936768617385e-223 -490.37837312399887 3.5001571182887226 1.1966491241208415
4.850527585506086e-223 -490.37837312399887 3.500067663875805 1.1947605355750213
4.6915083765334714e-223 -490.37837312399887 3.4996964784216655 1.1955198196449504
4.537702437329508e-223 -490.37837312399887 3.50039451051332 1.1959560293937987
4.388938856581424e-223 -490.37837312399887 3.50039451051332 1.1959560293937987
4.245052326116527e-223 -490.37837312399887 3.4996897739781465 1.195882960363899
4.105882957208619e-223 -490.37837312399887 3.5001571182887226 1.1966491241208415
3.971276102906517e-223 -490.37837312399887 3.5001571182887226 1.1966491241208415
3.841082186190734e-223 -490.37837312399887 3.5003308680342227 1.1942484901826873
3.715156533758413e-223 -490.37837312399887 3.4997699728444296 1.1997738568016425
3.593359215262167e-223 -490.37837312399887 3.4997699728444296 1.1997738568016425
3.475554887816664e-223 -490.37837312399887 3.4996568547731948 1.1998958629465306
3.3616126456053114e-223 -490.37837312399887 3.5006267602371652 1.191323384237935
3.251405874413467e-223 -490.37837312399887 3.498868483160953 1.2056989004946004
3.144812110934218e-223 -490.37837312399887 3.5006267602371652 1.191323384237935
3.041712906686472e-223 -490.37837312399887 3.4997699728444296 1.1997738568016425
2.9419936963911662e-223 -490.37837312399887 3.4996897739781465 1.195882960363899
2.8455436706661924e-223 -490.37837312399887 3.500137901145788 1.1964126189615194
2.7522556528927783e-223 -490.37837312399887 3.500137901145788 1.1964126189615194
2.6620259801205907e-223 -490.37837312399887 3.499034668747518 1.2013187589246956
2.574754387874106e-223 -490.37837312399887 3.5003308680342227 1.1942484901826873
2.490343898738319e-223 -490.37837312399887 3.5009671923704877 1.1930790778199412
2.4577274775817438e-223 -490.35822347016193 3.49938834363765 1.2045390404823118
2.377153586914163e-223 -490.35822347016193 3.498868483160953 1.2056989004946004
2.2992212225819993e-223 -490.35822347016193 3.499529831130716 1.1995510846234119
2.2238437850510463e-223 -490.35822347016193 3.4995947333279 1.2009435026573754
2.193625279258865e-223 -490.33857171635907 3.501240634939557 1.192703431938577
0.03333333333333333 -488.8471597290735 3.5003060261905548 1.1989277286687783
0.03333333333333333 -490.12242399870553 3.5006267602371652 1.191323384237935
0.03333333333333333 -490.33857171635907 3.5009298562036957 1.1951042341363163
0.03333333333333333 -487.5444978145647 3.4995947333279 1.2009435026573754
0.03333333333333333 -490.2465999243923 3.5006482810518453 1.19783630736633
0.03333333333333333 -488.98279564617314 3.5009671923704877 1.1930790778199412
0.03333333333333333 -488.6780701586262 3.499034668747518 1.2013187589246956
0.03333333333333333 -487.3967449385142 3.499529831130716 1.1995510846234119
0.03333333333333333 -489.95459615897096 3.4988144738793165 1.2015813384881304
0.03333333333333333 -489.7232894422355 3.501144734451775 1.1914430248583658
0.03333333333333333 -489.6565488361354 3.5009298562036957 1.1951042341363163
0.03333333333333333 -489.07685781037344 3.4995167426552976 1.203084066523951
0.03333333333333333 -487.2255740757356 3.5001571182887226 1.1966491241208415
0.03333333333333333 -487.9168341832907 3.5002643768545942 1.1981500670044867
0.03333333333333333 -487.29155733802725 3.4997699728444296 1.1997738568016425
0.03333333333333333 -488.6036744402659 3.5004502445015566 1.197733969157548
0.03333333333333333 -489.4983981062501 3.4996897739781465 1.195882960363899
0.03333333333333333 -487.2775709630228 3.5001151532674406 1.1978777518678694
0.03333333333333333 -487.6729689663267 3.4994073426824364 1.20157628943359
0.03333333333333333 -488.077188550389 3.499190529974439 1.2025530310335204
0.03333333333333333 -488.07664604800925 3.5003308680342227 1.1942484901826873
0.03333333333333333 -490.22812752971873 3.5012747824255284 1.191548701878159
0.03333333333333333 -489.8189878364585 3.500949692057424 1.1908679791918613
0.03333333333333333 -489.964182634488 3.4996964784216655 1.1955198196449504
0.03333333333333333 -487.27259495618006 3.500137901145788 1.1964126189615194
0.03333333333333333 -489.7296767648049 3.498814126693839 1.2054453170556059
0.03333333333333333 -488.5383726715639 3.500067663875805 1.1947605355750213
0.03333333333333333 -487.50636636191865 3.50039451051332 1.1959560293937987
0.03333333333333333 -487.2464198587276 3.4996568547731948 1.1998958629465306
0.03333333333333333 -489.96662410319897 3.498868483160953 1.2056989004946004
